array([ 1.5304479 ,  1.09123061,  1.07527343,  1.06961046,  1.06636752,
        1.06412034,  1.06230229,  1.06065533,  1.05904781,  1.05739435,
        1.05561656,  1.05362025,  1.05128296,  1.04845675,  1.0450026 ,
        1.04086995,  1.03618458,  1.03125727,  1.02649569,  1.02228028,
        1.01882619,  1.01614202,  1.01412533,  1.01263995,  1.01154818,
        1.01073455,  1.01011539,  1.00963441,  1.00925405,  1.00894868,
        1.00870025,  1.0084957 ,  1.00832535,  1.00818195,  1.00805993,
        1.00795503,  1.00786394,  1.00778405,  1.00771331,  1.00765011,
        1.00759314,  1.00754136,  1.00749394,  1.00745018,  1.00740954,
        1.00737156,  1.00733586,  1.00730214,  1.00727012,  1.0072396 ,
        1.00721038,  1.00718231,  1.00715526,  1.00712911,  1.00710377,
        1.00707914,  1.00705517,  1.00703177,  1.00700891,  1.00698654,
        1.00696461,  1.00694311,  1.00692199,  1.00690125,  1.00688087,
        1.00686084,  1.00684115,  1.00682181,  1.00680281,  1.00678416,
        1.00676585,  1.0067479 ,  1.00673031,  1.00671308,  1.00669621,
        1.00667972,  1.00666359,  1.00664783,  1.00663244,  1.00661741,
        1.00660275,  1.00658844,  1.00657449,  1.00656087,  1.0065476 ,
        1.00653465,  1.00652201,  1.00650969,  1.00649767,  1.00648593,
        1.00647448,  1.00646329,  1.00645237,  1.00644169,  1.00643125,
        1.00642105,  1.00641106,  1.00640129,  1.00639172,  1.00638235,
        1.00637316])
array([ 1.56451323,  1.08925813,  1.07179846,  1.06574472,  1.06243228,
        1.06030556,  1.05870972,  1.05732933,  1.05600099,  1.05462454,
        1.05312107,  1.05141222,  1.04941079,  1.04702022,  1.04414666,
        1.04073284,  1.03681911,  1.03260327,  1.02843333,  1.02467794,
        1.02154689,  1.0190589 ,  1.01714781,  1.01571847,  1.01465906,
        1.01386562,  1.01325929,  1.01278619,  1.01241031,  1.01210707,
        1.01185908,  1.01165375,  1.01148172,  1.01133594,  1.01121103,
        1.01110285,  1.01100819,  1.01092452,  1.01084988,  1.01078267,
        1.01072166,  1.01066584,  1.01061438,  1.01056664,  1.01052207,
        1.01048022,  1.01044074,  1.01040333,  1.01036772,  1.0103337 ,
        1.0103011 ,  1.01026977,  1.01023958,  1.01021042,  1.01018219,
        1.01015483,  1.01012825,  1.01010242,  1.01007729,  1.01005281,
        1.01002896,  1.01000571,  1.00998306,  1.00996098,  1.00993947,
        1.00991852,  1.00989813,  1.0098783 ,  1.00985902,  1.0098403 ,
        1.00982214,  1.00980451,  1.00978743,  1.00977087,  1.00975484,
        1.0097393 ,  1.00972425,  1.00970967,  1.00969555,  1.00968185,
        1.00966855,  1.00965564,  1.0096431 ,  1.0096309 ,  1.00961902,
        1.00960744,  1.00959614,  1.0095851 ,  1.0095743 ,  1.00956374,
        1.00955339,  1.00954323,  1.00953327,  1.00952347,  1.00951383,
        1.00950435,  1.00949501,  1.0094858 ,  1.00947671,  1.00946774,
        1.00945888])
array([ 2.04995466,  1.65942358,  1.62093034,  1.56559643,  1.48625424,
        1.38547705,  1.27480388,  1.17250382,  1.10021873,  1.0619673 ,
        1.0424583 ,  1.0295958 ,  1.02077793,  1.01519925,  1.01188281,
        1.00992878,  1.00873511,  1.00797083,  1.00745778,  1.00709519,
        1.00682372,  1.00660733,  1.00642321,  1.00625585,  1.00609417,
        1.00593222,  1.00577158,  1.00561884,  1.00547772,  1.00534635,
        1.00522093,  1.00509853,  1.00497763,  1.00485766,  1.00473864,
        1.00462096,  1.00450525,  1.00439225,  1.00428276,  1.00417754,
        1.00407719,  1.00398209,  1.00389242,  1.00380811,  1.00372891,
        1.00365445,  1.00358425,  1.0035178 ,  1.00345461,  1.00339417,
        1.00333605,  1.00327984,  1.00322519,  1.00317178,  1.00311934,
        1.00306763,  1.00301644,  1.0029656 ,  1.00291494,  1.00286433,
        1.00281369,  1.00276293,  1.00271202,  1.00266096,  1.0026098 ,
        1.00255859,  1.00250743,  1.00245641,  1.00240563,  1.00235519,
        1.00230516,  1.00225559,  1.00220652,  1.00215796,  1.00210994,
        1.00206245,  1.00201549,  1.00196906,  1.00192315,  1.00187777,
        1.00183292,  1.00178863,  1.00174495,  1.00170192,  1.00165963,
        1.00161818,  1.00157771,  1.00153835,  1.00150023,  1.00146346,
        1.00142811,  1.00139423,  1.0013618 ,  1.00133081,  1.00130119,
        1.00127289,  1.00124583,  1.00121994,  1.00119515,  1.00117141,
        1.00114863])
array([ 2.10522503,  1.6692865 ,  1.6278284 ,  1.57048398,  1.48753936,
        1.38265302,  1.26938808,  1.16685044,  1.09635956,  1.06105993,
        1.04389319,  1.03199026,  1.02344698,  1.01803047,  1.01491375,
        1.01317141,  1.01216742,  1.01155904,  1.01116963,  1.01090412,
        1.01070927,  1.01055478,  1.01042339,  1.01030565,  1.01019736,
        1.01009867,  1.01001207,  1.00993717,  1.00986765,  1.00979579,
        1.0097175 ,  1.00963249,  1.00954225,  1.00944866,  1.00935339,
        1.00925782,  1.00916309,  1.00907014,  1.00897972,  1.00889243,
        1.00880865,  1.00872861,  1.00865235,  1.00857979,  1.00851073,
        1.0084449 ,  1.008382  ,  1.00832174,  1.00826383,  1.008208  ,
        1.00815405,  1.00810178,  1.00805106,  1.00800177,  1.00795384,
        1.00790723,  1.0078619 ,  1.00781784,  1.00777507,  1.00773361,
        1.00769348,  1.00765469,  1.00761727,  1.00758121,  1.0075465 ,
        1.00751312,  1.00748101,  1.00745012,  1.00742039,  1.00739176,
        1.00736419,  1.00733765,  1.00731213,  1.00728764,  1.0072642 ,
        1.00724185,  1.00722064,  1.0072006 ,  1.00718179,  1.00716426,
        1.00714804,  1.00713317,  1.00711966,  1.00710754,  1.00709681,
        1.00708743,  1.00707937,  1.00707255,  1.00706685,  1.00706212,
        1.00705816,  1.0070548 ,  1.00705181,  1.00704902,  1.00704628,
        1.00704345,  1.00704045,  1.00703719,  1.00703366,  1.0070298 ,
        1.00702562])

