out_c
[array([ 1.16234642,  1.07125374,  1.06930527,  1.0672034 ,  1.06491811,
        1.06241394,  1.05962696,  1.05646927,  1.05285102,  1.04871736,
        1.04408234,  1.03904512,  1.03380062,  1.02864472,  1.02391749,
        1.01986624,  1.016541  ,  1.01381991,  1.01151376,  1.00945449,
        1.00753653,  1.00572484,  1.00404196,  1.00253908,  1.00126287,
        1.00023441,  0.99944553,  0.99886632,  0.99845609,  0.99817301,
        0.99798045,  0.99784969,  0.99775991,  0.99769683,  0.99765108,
        0.99761664,  0.99758971,  0.99756788,  0.99754964,  0.99753402,
        0.99752036,  0.99750822,  0.99749731,  0.99748741,  0.99747834,
        0.99746998,  0.99746223,  0.99745501,  0.99744825,  0.99744191,
        0.99743594,  0.99743029,  0.99742494,  0.99741985,  0.99741502,
        0.99741041,  0.99740601,  0.9974018 ,  0.99739777,  0.99739391,
        0.99739021,  0.99738666,  0.99738325,  0.99737997,  0.99737682,
        0.99737379,  0.99737087,  0.99736807,  0.99736537,  0.99736276,
        0.99736026,  0.99735784,  0.99735551,  0.99735327,  0.99735111,
        0.99734902,  0.99734701,  0.99734507,  0.99734319,  0.99734139,
        0.99733964,  0.99733796,  0.99733633,  0.99733476,  0.99733324,
        0.99733177,  0.99733035,  0.99732898,  0.99732765,  0.99732636,
        0.99732511,  0.99732391,  0.99732274,  0.9973216 ,  0.9973205 ,
        0.99731943,  0.99731839,  0.99731739,  0.99731641,  0.99731546,
        0.99731453,  0.99731363,  0.99731275,  0.9973119 ,  0.99731107,
        0.99731026,  0.99730946,  0.99730869,  0.99730794,  0.9973072 ,
        0.99730648,  0.99730578,  0.99730509,  0.99730442,  0.99730376,
        0.99730312,  0.99730248,  0.99730186,  0.99730126,  0.99730066,
        0.99730008,  0.99729951,  0.99729895,  0.99729839,  0.99729785,
        0.99729732,  0.9972968 ,  0.99729628,  0.99729578,  0.99729528,
        0.99729479,  0.99729431,  0.99729384,  0.99729337,  0.99729291,
        0.99729246,  0.99729202,  0.99729158,  0.99729115,  0.99729073,
        0.99729031,  0.9972899 ,  0.99728949,  0.99728909,  0.9972887 ,
        0.99728831,  0.99728793,  0.99728755,  0.99728718,  0.99728681,
        0.99728645]), array([ 1.14186978,  1.07582397,  1.07459301,  1.07325763,  1.07173698,
        1.06997528,  1.06788886,  1.06535317,  1.06219654,  1.05821422,
        1.05321864,  1.04713194,  1.04009999,  1.03258103,  1.02530339,
        1.01896941,  1.01391615,  1.01010105,  1.00731123,  1.00531218,
        1.00389395,  1.00288243,  1.00214434,  1.00158603,  1.00114644,
        1.00078762,  1.0004865 ,  1.00022884,  1.00000551,  0.99981025,
        0.99963848,  0.99948662,  0.99935176,  0.99923145,  0.99912361,
        0.99902646,  0.9989385 ,  0.9988584 ,  0.99878507,  0.99871754,
        0.99865503,  0.99859686,  0.99854243,  0.99849128,  0.99844299,
        0.99839722,  0.99835366,  0.99831209,  0.99827227,  0.99823404,
        0.99819725,  0.99816177,  0.99812749,  0.99809432,  0.99806219,
        0.99803102,  0.99800078,  0.99797141,  0.9979429 ,  0.99791521,
        0.99788832,  0.99786224,  0.99783696,  0.99781248,  0.9977888 ,
        0.99776594,  0.9977439 ,  0.9977227 ,  0.99770235,  0.99768284,
        0.99766419,  0.99764639,  0.99762944,  0.99761333,  0.99759802,
        0.99758351,  0.99756976,  0.99755674,  0.99754442,  0.99753276,
        0.99752171,  0.99751125,  0.99750133,  0.99749192,  0.99748299,
        0.9974745 ,  0.99746644,  0.99745876,  0.99745145,  0.99744448,
        0.99743783,  0.99743149,  0.99742543,  0.99741964,  0.99741411,
        0.99740881,  0.99740375,  0.9973989 ,  0.99739426,  0.99738981,
        0.99738555,  0.99738146,  0.99737753,  0.99737377,  0.99737016,
        0.99736669,  0.99736335,  0.99736015,  0.99735707,  0.99735411,
        0.99735126,  0.99734852,  0.99734588,  0.99734334,  0.99734089,
        0.99733853,  0.99733626,  0.99733407,  0.99733196,  0.99732992,
        0.99732795,  0.99732605,  0.99732422,  0.99732245,  0.99732074,
        0.99731909,  0.99731749,  0.99731595,  0.99731446,  0.99731301,
        0.99731162,  0.99731027,  0.99730896,  0.99730769,  0.99730647,
        0.99730528,  0.99730413,  0.99730302,  0.99730194,  0.99730089,
        0.99729988,  0.9972989 ,  0.99729794,  0.99729702,  0.99729612,
        0.99729525,  0.99729441,  0.99729359,  0.99729279,  0.99729202,
        0.99729127]), array([ 1.10891863,  1.07254649,  1.06925948,  1.06478824,  1.05875378,
        1.05135442,  1.04339085,  1.03579235,  1.0291892 ,  1.02384696,
        1.01975584,  1.01672132,  1.01445769,  1.01268373,  1.01118557,
        1.00983109,  1.00855407,  1.00733104,  1.00616258,  1.00506055,
        1.00404002,  1.00311406,  1.00229093,  1.00157298,  1.00095697,
        1.00043531,  0.99999772,  0.99963275,  0.99932904,  0.99907616,
        0.99886503,  0.99868801,  0.99853886,  0.99841252,  0.99830496,
        0.99821293,  0.99813382,  0.99806554,  0.99800635,  0.99795484,
        0.99790985,  0.99787039,  0.99783566,  0.99780497,  0.99777773,
        0.99775347,  0.99773176,  0.99771227,  0.99769467,  0.99767873,
        0.99766423,  0.99765097,  0.99763879,  0.99762756,  0.99761716,
        0.99760749,  0.99759845,  0.99758998,  0.997582  ,  0.99757445,
        0.99756729,  0.99756046,  0.99755394,  0.99754769,  0.99754167,
        0.99753586,  0.99753024,  0.99752479,  0.99751948,  0.99751431,
        0.99750926,  0.99750432,  0.99749948,  0.99749472,  0.99749004,
        0.99748543,  0.99748089,  0.99747641,  0.99747199,  0.99746762,
        0.9974633 ,  0.99745903,  0.9974548 ,  0.99745062,  0.99744649,
        0.99744239,  0.99743834,  0.99743433,  0.99743037,  0.99742645,
        0.99742257,  0.99741874,  0.99741495,  0.99741121,  0.99740752,
        0.99740388,  0.99740029,  0.99739675,  0.99739327,  0.99738984,
        0.99738646,  0.99738315,  0.99737989,  0.99737669,  0.99737356,
        0.99737048,  0.99736747,  0.99736452,  0.99736163,  0.99735881,
        0.99735605,  0.99735336,  0.99735073,  0.99734817,  0.99734567,
        0.99734324,  0.99734087,  0.99733856,  0.99733632,  0.99733414,
        0.99733202,  0.99732996,  0.99732796,  0.99732603,  0.99732415,
        0.99732233,  0.99732056,  0.99731885,  0.9973172 ,  0.99731559,
        0.99731404,  0.99731254,  0.99731109,  0.99730969,  0.99730833,
        0.99730702,  0.99730575,  0.99730452,  0.99730334,  0.9973022 ,
        0.99730109,  0.99730002,  0.99729899,  0.997298  ,  0.99729703,
        0.9972961 ,  0.99729521,  0.99729434,  0.9972935 ,  0.99729269,
        0.99729191]), array([ 1.08872731,  1.07728874,  1.07438414,  1.07028279,  1.06467903,
        1.05756912,  1.04946057,  1.04123902,  1.03376367,  1.0275748 ,
        1.02283498,  1.01939648,  1.01693105,  1.01507817,  1.01354692,
        1.0121469 ,  1.0107745 ,  1.00938746,  1.00798378,  1.006587  ,
        1.00523518,  1.00397123,  1.00283398,  1.001851  ,  1.00103448,
        1.00038115,  0.99987536,  0.99949417,  0.99921222,  0.99900556,
        0.99885378,  0.9987407 ,  0.99865427,  0.99858583,  0.99852942,
        0.99848102,  0.99843796,  0.99839852,  0.9983616 ,  0.9983265 ,
        0.9982928 ,  0.99826022,  0.99822862,  0.99819789,  0.998168  ,
        0.99813893,  0.99811066,  0.9980832 ,  0.99805655,  0.9980307 ,
        0.99800567,  0.99798145,  0.99795802,  0.99793538,  0.9979135 ,
        0.99789238,  0.99787198,  0.99785228,  0.99783327,  0.9978149 ,
        0.99779717,  0.99778003,  0.99776348,  0.99774748,  0.99773202,
        0.99771707,  0.99770262,  0.99768865,  0.99767513,  0.99766206,
        0.99764941,  0.99763717,  0.99762534,  0.99761388,  0.9976028 ,
        0.99759208,  0.9975817 ,  0.99757166,  0.99756194,  0.99755254,
        0.99754344,  0.99753463,  0.99752611,  0.99751785,  0.99750987,
        0.99750214,  0.99749466,  0.99748742,  0.99748041,  0.99747362,
        0.99746705,  0.9974607 ,  0.99745454,  0.99744858,  0.99744282,
        0.99743724,  0.99743183,  0.9974266 ,  0.99742153,  0.99741663,
        0.99741189,  0.99740729,  0.99740284,  0.99739853,  0.99739436,
        0.99739033,  0.99738642,  0.99738264,  0.99737897,  0.99737542,
        0.99737199,  0.99736866,  0.99736545,  0.99736233,  0.99735931,
        0.99735639,  0.99735356,  0.99735082,  0.99734816,  0.99734559,
        0.99734311,  0.9973407 ,  0.99733836,  0.9973361 ,  0.99733392,
        0.9973318 ,  0.99732975,  0.99732776,  0.99732583,  0.99732397,
        0.99732216,  0.99732041,  0.99731872,  0.99731708,  0.99731549,
        0.99731395,  0.99731246,  0.99731101,  0.99730961,  0.99730826,
        0.99730694,  0.99730567,  0.99730443,  0.99730324,  0.99730208,
        0.99730096,  0.99729987,  0.99729882,  0.99729779,  0.9972968 ,
        0.99729584]), array([ 1.08439323,  1.07275962,  1.06929865,  1.06506946,  1.06008329,
        1.05445975,  1.04836689,  1.04198023,  1.0354914 ,  1.02914453,
        1.02323034,  1.01800592,  1.01360956,  1.01005406,  1.00727467,
        1.00516819,  1.00361321,  1.00248632,  1.00167692,  1.00109545,
        1.00067447,  1.00036533,  1.00013376,  0.99995591,  0.9998153 ,
        0.99970059,  0.99960405,  0.99952041,  0.99944609,  0.99937868,
        0.99931654,  0.99925852,  0.99920387,  0.99915203,  0.9991026 ,
        0.99905529,  0.99900988,  0.99896619,  0.99892408,  0.99888341,
        0.99884409,  0.998806  ,  0.99876906,  0.9987332 ,  0.99869832,
        0.99866437,  0.99863128,  0.99859897,  0.9985674 ,  0.9985365 ,
        0.99850622,  0.99847652,  0.99844735,  0.99841866,  0.99839042,
        0.99836258,  0.99833512,  0.99830801,  0.99828121,  0.9982547 ,
        0.99822847,  0.9982025 ,  0.99817677,  0.99815127,  0.998126  ,
        0.99810096,  0.99807614,  0.99805156,  0.99802722,  0.99800313,
        0.9979793 ,  0.99795577,  0.99793255,  0.99790967,  0.99788716,
        0.99786504,  0.99784335,  0.99782211,  0.99780137,  0.99778114,
        0.99776147,  0.99774236,  0.99772385,  0.99770594,  0.99768866,
        0.997672  ,  0.99765597,  0.99764057,  0.99762578,  0.99761159,
        0.997598  ,  0.99758497,  0.9975725 ,  0.99756057,  0.99754914,
        0.99753821,  0.99752775,  0.99751773,  0.99750815,  0.99749898,
        0.9974902 ,  0.99748179,  0.99747375,  0.99746604,  0.99745866,
        0.99745159,  0.99744482,  0.99743833,  0.99743212,  0.99742617,
        0.99742046,  0.99741499,  0.99740974,  0.99740471,  0.99739989,
        0.99739526,  0.99739082,  0.99738655,  0.99738246,  0.99737853,
        0.99737476,  0.99737113,  0.99736765,  0.9973643 ,  0.99736108,
        0.99735799,  0.99735501,  0.99735214,  0.99734938,  0.99734672,
        0.99734417,  0.9973417 ,  0.99733933,  0.99733704,  0.99733483,
        0.9973327 ,  0.99733065,  0.99732866,  0.99732675,  0.99732491,
        0.99732312,  0.9973214 ,  0.99731973,  0.99731813,  0.99731657,
        0.99731507,  0.99731361,  0.9973122 ,  0.99731084,  0.99730953,
        0.99730825]), array([ 1.08192308,  1.07429695,  1.06688493,  1.05597461,  1.04346552,
        1.03266176,  1.02538609,  1.02132605,  1.01930547,  1.01832349,
        1.01781233,  1.0175109 ,  1.01730916,  1.01716001,  1.01704121,
        1.01694075,  1.01685124,  1.01676768,  1.01668642,  1.01660465,
        1.01652006,  1.01643066,  1.01633464,  1.01623026,  1.0161158 ,
        1.0159895 ,  1.01584953,  1.01569392,  1.01552061,  1.01532735,
        1.01511177,  1.01487131,  1.01460332,  1.01430499,  1.01397347,
        1.0136059 ,  1.01319953,  1.0127518 ,  1.01226055,  1.0117242 ,
        1.01114204,  1.01051447,  1.00984338,  1.00913241,  1.00838728,
        1.00761587,  1.0068282 ,  1.00603611,  1.00525269,  1.00449134,
        1.00376484,  1.00308419,  1.00245782,  1.00189096,  1.00138554,
        1.00094047,  1.00055222,  1.00021561,  0.99992461,  0.999673  ,
        0.99945486,  0.99926489,  0.99909853,  0.99895198,  0.99882213,
        0.99870648,  0.99860298,  0.99851001,  0.99842621,  0.99835046,
        0.99828182,  0.9982195 ,  0.99816279,  0.99811108,  0.99806384,
        0.9980206 ,  0.99798094,  0.99794447,  0.99791088,  0.99787985,
        0.99785113,  0.99782448,  0.9977997 ,  0.99777658,  0.99775498,
        0.99773474,  0.99771573,  0.99769784,  0.99768097,  0.99766501,
        0.9976499 ,  0.99763556,  0.99762193,  0.99760894,  0.99759656,
        0.99758473,  0.99757341,  0.99756258,  0.99755218,  0.99754221,
        0.99753262,  0.99752341,  0.99751453,  0.99750599,  0.99749775,
        0.99748981,  0.99748215,  0.99747475,  0.99746761,  0.99746071,
        0.99745405,  0.9974476 ,  0.99744137,  0.99743535,  0.99742952,
        0.99742388,  0.99741843,  0.99741315,  0.99740805,  0.99740311,
        0.99739834,  0.99739371,  0.99738924,  0.99738491,  0.99738072,
        0.99737667,  0.99737276,  0.99736896,  0.9973653 ,  0.99736175,
        0.99735832,  0.997355  ,  0.9973518 ,  0.9973487 ,  0.9973457 ,
        0.9973428 ,  0.99734   ,  0.9973373 ,  0.99733468,  0.99733215,
        0.99732971,  0.99732735,  0.99732507,  0.99732287,  0.99732075,
        0.9973187 ,  0.99731672,  0.9973148 ,  0.99731296,  0.99731118,
        0.99730946]), array([ 1.28413426,  1.07281168,  1.07187894,  1.07087107,  1.06973577,
        1.06842144,  1.06687677,  1.06506884,  1.06301052,  1.06077985,
        1.05850986,  1.05634355,  1.05437939,  1.05264422,  1.05110665,
        1.0497108 ,  1.04840429,  1.0471505 ,  1.04592865,  1.04472922,
        1.04354884,  1.04238658,  1.04124162,  1.04011207,  1.03899441,
        1.03788339,  1.0367721 ,  1.03565214,  1.03451384,  1.03334655,
        1.03213924,  1.03088118,  1.02956315,  1.02817887,  1.02672636,
        1.0252085 ,  1.02363205,  1.02200506,  1.0203339 ,  1.01862222,
        1.01687361,  1.01509735,  1.01331458,  1.01156077,  1.00988195,
        1.00832499,  1.00692627,  1.00570424,  1.00465863,  1.00377521,
        1.00303253,  1.00240765,  1.0018797 ,  1.00143119,  1.0010481 ,
        1.00071932,  1.00043596,  1.0001908 ,  0.99997786,  0.9997921 ,
        0.99962926,  0.99948574,  0.99935846,  0.99924485,  0.99914275,
        0.99905034,  0.9989661 ,  0.9988888 ,  0.99881738,  0.99875098,
        0.9986889 ,  0.99863054,  0.9985754 ,  0.99852309,  0.99847326,
        0.99842564,  0.99837999,  0.99833612,  0.99829386,  0.99825307,
        0.99821366,  0.99817552,  0.99813859,  0.99810279,  0.99806808,
        0.99803442,  0.99800179,  0.99797016,  0.99793952,  0.99790985,
        0.99788117,  0.99785347,  0.99782676,  0.99780104,  0.99777633,
        0.99775263,  0.99772994,  0.99770828,  0.99768763,  0.997668  ,
        0.99764936,  0.9976317 ,  0.99761499,  0.9975992 ,  0.9975843 ,
        0.99757023,  0.99755697,  0.99754447,  0.99753267,  0.99752153,
        0.99751101,  0.99750106,  0.99749165,  0.99748274,  0.99747429,
        0.99746627,  0.99745866,  0.99745141,  0.99744452,  0.99743796,
        0.9974317 ,  0.99742573,  0.99742003,  0.99741459,  0.99740939,
        0.99740441,  0.99739965,  0.99739509,  0.99739073,  0.99738654,
        0.99738253,  0.99737868,  0.99737498,  0.99737143,  0.99736802,
        0.99736474,  0.99736159,  0.99735856,  0.99735564,  0.99735284,
        0.99735013,  0.99734753,  0.99734501,  0.99734259,  0.99734026,
        0.99733801,  0.99733583,  0.99733373,  0.99733171,  0.99732975,
        0.99732786]), array([ 1.07720664,  1.06596423,  1.05951554,  1.05146296,  1.04220806,
        1.03312517,  1.02541489,  1.01954843,  1.01536574,  1.01241434,
        1.01025008,  1.00856828,  1.0071991 ,  1.0060586 ,  1.00510636,
        1.00431962,  1.00368025,  1.00316957,  1.0027675 ,  1.00245363,
        1.0022087 ,  1.00201569,  1.00186049,  1.00173188,  1.00162131,
        1.00152246,  1.00143077,  1.00134301,  1.00125695,  1.0011711 ,
        1.00108451,  1.00099665,  1.00090729,  1.00081644,  1.00072429,
        1.00063117,  1.00053755,  1.00044392,  1.00035084,  1.00025887,
        1.00016857,  1.00008042,  0.99999486,  0.99991228,  0.99983294,
        0.99975704,  0.9996847 ,  0.99961593,  0.99955071,  0.99948894,
        0.99943045,  0.99937507,  0.99932258,  0.99927277,  0.99922539,
        0.99918022,  0.99913703,  0.99909561,  0.99905577,  0.99901733,
        0.99898012,  0.99894401,  0.99890886,  0.99887458,  0.99884106,
        0.99880824,  0.99877604,  0.99874441,  0.99871332,  0.99868272,
        0.9986526 ,  0.99862292,  0.99859368,  0.99856486,  0.99853645,
        0.99850846,  0.99848087,  0.99845368,  0.9984269 ,  0.99840052,
        0.99837454,  0.99834897,  0.9983238 ,  0.99829903,  0.99827467,
        0.99825072,  0.99822717,  0.99820403,  0.9981813 ,  0.99815897,
        0.99813705,  0.99811554,  0.99809443,  0.99807372,  0.99805342,
        0.99803351,  0.998014  ,  0.99799488,  0.99797616,  0.99795782,
        0.99793987,  0.9979223 ,  0.99790511,  0.99788829,  0.99787184,
        0.99785575,  0.99784003,  0.99782466,  0.99780964,  0.99779497,
        0.99778064,  0.99776664,  0.99775297,  0.99773963,  0.99772661,
        0.9977139 ,  0.9977015 ,  0.99768941,  0.99767761,  0.99766611,
        0.99765489,  0.99764396,  0.9976333 ,  0.99762291,  0.99761279,
        0.99760293,  0.99759332,  0.99758397,  0.99757485,  0.99756598,
        0.99755734,  0.99754894,  0.99754075,  0.99753279,  0.99752504,
        0.9975175 ,  0.99751016,  0.99750302,  0.99749608,  0.99748934,
        0.99748277,  0.99747639,  0.99747019,  0.99746416,  0.9974583 ,
        0.9974526 ,  0.99744706,  0.99744169,  0.99743646,  0.99743138,
        0.99742645]), array([ 1.11458204,  1.05927062,  1.04785832,  1.03467745,  1.02271762,
        1.01418463,  1.00910239,  1.00633177,  1.00476729,  1.00375395,
        1.00299593,  1.00237932,  1.00186222,  1.0014267 ,  1.00106159,
        1.00075727,  1.00050459,  1.00029494,  1.00012053,  0.99997455,
        0.99985131,  0.99974615,  0.99965534,  0.99957597,  0.99950577,
        0.999443  ,  0.99938631,  0.99933466,  0.99928726,  0.99924348,
        0.99920281,  0.99916486,  0.99912929,  0.99909583,  0.99906424,
        0.99903433,  0.99900591,  0.99897883,  0.99895295,  0.99892815,
        0.99890432,  0.99888136,  0.99885919,  0.99883772,  0.99881688,
        0.9987966 ,  0.99877683,  0.99875752,  0.99873861,  0.99872007,
        0.99870185,  0.99868393,  0.99866626,  0.99864883,  0.9986316 ,
        0.99861455,  0.99859767,  0.99858093,  0.99856432,  0.99854782,
        0.99853142,  0.99851511,  0.99849887,  0.9984827 ,  0.99846659,
        0.99845054,  0.99843453,  0.99841857,  0.99840265,  0.99838676,
        0.9983709 ,  0.99835508,  0.99833928,  0.99832352,  0.99830778,
        0.99829208,  0.99827641,  0.99826077,  0.99824517,  0.9982296 ,
        0.99821407,  0.99819859,  0.99818315,  0.99816776,  0.99815242,
        0.99813714,  0.99812192,  0.99810676,  0.99809168,  0.99807666,
        0.99806173,  0.99804688,  0.99803211,  0.99801744,  0.99800286,
        0.99798838,  0.99797401,  0.99795975,  0.9979456 ,  0.99793158,
        0.99791767,  0.9979039 ,  0.99789025,  0.99787675,  0.99786338,
        0.99785016,  0.99783708,  0.99782416,  0.99781139,  0.99779878,
        0.99778633,  0.99777404,  0.99776192,  0.99774997,  0.99773819,
        0.99772658,  0.99771515,  0.9977039 ,  0.99769283,  0.99768194,
        0.99767123,  0.9976607 ,  0.99765035,  0.99764019,  0.99763022,
        0.99762043,  0.99761083,  0.99760141,  0.99759218,  0.99758313,
        0.99757426,  0.99756558,  0.99755709,  0.99754877,  0.99754064,
        0.99753268,  0.99752491,  0.99751731,  0.99750989,  0.99750264,
        0.99749556,  0.99748865,  0.99748191,  0.99747534,  0.99746892,
        0.99746268,  0.99745659,  0.99745065,  0.99744487,  0.99743925,
        0.99743377]), array([ 1.08775287,  1.06427907,  1.05921666,  1.05317907,  1.0464509 ,
        1.03957383,  1.03314666,  1.02765475,  1.02336021,  1.02026392,
        1.01815559,  1.016731  ,  1.01570573,  1.01487146,  1.01409739,
        1.01330723,  1.01245501,  1.01150836,  1.010441  ,  1.00923672,
        1.00790648,  1.00650822,  1.00514143,  1.00390456,  1.00285316,
        1.00199615,  1.00131627,  1.00078737,  1.00038199,  1.00007423,
        0.99984128,  0.9996642 ,  0.99952807,  0.99942163,  0.99933663,
        0.99926715,  0.99920902,  0.99915928,  0.99911584,  0.99907723,
        0.99904237,  0.99901051,  0.99898106,  0.99895361,  0.99892782,
        0.99890345,  0.99888031,  0.99885823,  0.99883709,  0.9988168 ,
        0.99879727,  0.99877844,  0.99876023,  0.99874262,  0.99872555,
        0.998709  ,  0.99869292,  0.9986773 ,  0.99866211,  0.99864732,
        0.99863293,  0.9986189 ,  0.99860522,  0.99859188,  0.99857886,
        0.99856615,  0.99855374,  0.9985416 ,  0.99852973,  0.99851811,
        0.99850674,  0.99849559,  0.99848467,  0.99847394,  0.99846342,
        0.99845307,  0.9984429 ,  0.99843289,  0.99842302,  0.99841328,
        0.99840367,  0.99839418,  0.99838477,  0.99837546,  0.99836622,
        0.99835705,  0.99834792,  0.99833883,  0.99832976,  0.9983207 ,
        0.99831165,  0.99830257,  0.99829347,  0.99828433,  0.99827513,
        0.99826587,  0.99825652,  0.99824707,  0.99823751,  0.99822783,
        0.99821801,  0.99820804,  0.99819791,  0.99818759,  0.99817709,
        0.99816637,  0.99815544,  0.99814428,  0.99813288,  0.99812123,
        0.99810931,  0.99809712,  0.99808465,  0.99807189,  0.99805884,
        0.99804549,  0.99803184,  0.99801788,  0.99800363,  0.99798907,
        0.99797422,  0.99795909,  0.99794368,  0.99792801,  0.99791209,
        0.99789595,  0.9978796 ,  0.99786308,  0.9978464 ,  0.99782961,
        0.99781273,  0.99779581,  0.99777888,  0.99776198,  0.99774515,
        0.99772845,  0.9977119 ,  0.99769556,  0.99767945,  0.99766362,
        0.9976481 ,  0.99763292,  0.99761811,  0.99760368,  0.99758967,
        0.99757607,  0.99756291,  0.99755018,  0.99753788,  0.99752603,
        0.99751462])]
out_d
[array([ 1.10891863,  1.06916008,  1.06137895,  1.05127494,  1.03967158,
        1.02900855,  1.02135821,  1.01646465,  1.01287524,  1.00964681,
        1.00659391,  1.00392444,  1.00187606,  1.00049569,  0.99964548,
        0.99913484,  0.99881506,  0.99859727,  0.9984353 ,  0.99830641,
        0.9981993 ,  0.99810793,  0.99802876,  0.99795944,  0.99789831,
        0.9978441 ,  0.99779579,  0.99775255,  0.99771372,  0.99767871,
        0.99764705,  0.99761833,  0.99759221,  0.99756839,  0.99754661,
        0.99752666,  0.99750834,  0.99749149,  0.99747596,  0.99746163,
        0.99744838,  0.99743611,  0.99742474,  0.9974142 ,  0.9974044 ,
        0.99739529,  0.99738682,  0.99737894,  0.99737159,  0.99736474,
        0.99735835,  0.99735239,  0.99734682,  0.99734163,  0.99733678,
        0.99733224,  0.997328  ,  0.99732404,  0.99732034,  0.99731688,
        0.99731364,  0.99731062,  0.99730779,  0.99730514,  0.99730266,
        0.99730034,  0.99729818,  0.99729615,  0.99729425,  0.99729247,
        0.99729081,  0.99728925,  0.99728779,  0.99728643,  0.99728515,
        0.99728395,  0.99728283,  0.99728178,  0.9972808 ,  0.99727988,
        0.99727901,  0.9972782 ,  0.99727744,  0.99727673,  0.99727606,
        0.99727543,  0.99727484,  0.99727429,  0.99727376,  0.99727328,
        0.99727281,  0.99727238,  0.99727197,  0.99727159,  0.99727123,
        0.99727089,  0.99727057,  0.99727026,  0.99726998,  0.99726971,
        0.99726945,  0.99726921,  0.99726898,  0.99726876,  0.99726856,
        0.99726837,  0.99726818,  0.99726801,  0.99726784,  0.99726768,
        0.99726753,  0.99726739,  0.99726726,  0.99726713,  0.997267  ,
        0.99726688,  0.99726677,  0.99726667,  0.99726656,  0.99726646,
        0.99726637,  0.99726628,  0.99726619,  0.99726611,  0.99726603,
        0.99726596,  0.99726588,  0.99726581,  0.99726575,  0.99726568,
        0.99726562,  0.99726556,  0.9972655 ,  0.99726544,  0.99726539,
        0.99726533,  0.99726528,  0.99726523,  0.99726519,  0.99726514,
        0.9972651 ,  0.99726505,  0.99726501,  0.99726497,  0.99726493,
        0.99726489,  0.99726486,  0.99726482,  0.99726479,  0.99726475,
        0.99726472]), array([ 1.08192308,  1.07344663,  1.0632854 ,  1.04776878,  1.03304987,
        1.02473175,  1.02127544,  1.01974853,  1.0188929 ,  1.0183347 ,
        1.01794421,  1.01765862,  1.01744113,  1.01726859,  1.01712584,
        1.01700263,  1.01689172,  1.01678778,  1.01668666,  1.01658489,
        1.01647937,  1.01636707,  1.01624483,  1.0161091 ,  1.01595572,
        1.01577957,  1.01557422,  1.01533141,  1.01504042,  1.01468724,
        1.01425363,  1.01371604,  1.01304493,  1.01220501,  1.01115811,
        1.0098711 ,  1.00833146,  1.00657032,  1.00468375,  1.0028314 ,
        1.00119386,  0.9999026 ,  0.99899206,  0.99840921,  0.99806189,
        0.99786288,  0.99774905,  0.99768147,  0.99763836,  0.99760823,
        0.99758522,  0.99756633,  0.99755004,  0.99753554,  0.99752237,
        0.99751026,  0.99749905,  0.99748862,  0.99747887,  0.99746973,
        0.99746114,  0.99745306,  0.99744543,  0.99743823,  0.99743142,
        0.99742496,  0.99741884,  0.99741302,  0.9974075 ,  0.99740223,
        0.99739722,  0.99739244,  0.99738787,  0.99738351,  0.99737935,
        0.99737536,  0.99737155,  0.99736789,  0.99736439,  0.99736103,
        0.99735781,  0.99735471,  0.99735174,  0.99734888,  0.99734614,
        0.9973435 ,  0.99734096,  0.99733851,  0.99733616,  0.99733389,
        0.9973317 ,  0.99732959,  0.99732756,  0.9973256 ,  0.99732371,
        0.99732189,  0.99732012,  0.99731842,  0.99731678,  0.99731519,
        0.99731366,  0.99731218,  0.99731074,  0.99730936,  0.99730802,
        0.99730672,  0.99730547,  0.99730425,  0.99730308,  0.99730194,
        0.99730084,  0.99729977,  0.99729874,  0.99729774,  0.99729677,
        0.99729583,  0.99729492,  0.99729404,  0.99729318,  0.99729235,
        0.99729155,  0.99729077,  0.99729001,  0.99728928,  0.99728857,
        0.99728788,  0.99728721,  0.99728656,  0.99728593,  0.99728532,
        0.99728472,  0.99728415,  0.99728359,  0.99728304,  0.99728251,
        0.997282  ,  0.9972815 ,  0.99728102,  0.99728055,  0.99728009,
        0.99727965,  0.99727922,  0.9972788 ,  0.99727839,  0.997278  ,
        0.99727761,  0.99727724,  0.99727688,  0.99727652,  0.99727618,
        0.99727584]), array([ 1.14186978,  1.07403217,  1.07068878,  1.06700176,  1.06317686,
        1.05943834,  1.05583378,  1.05210368,  1.0476968 ,  1.04186178,
        1.03390972,  1.02410374,  1.01465369,  1.00806789,  1.00448465,
        1.00262195,  1.00152804,  1.00078964,  1.00024855,  0.99983574,
        0.99951337,  0.99925695,  0.99904943,  0.9988786 ,  0.99873566,
        0.9986142 ,  0.99850954,  0.99841823,  0.99833767,  0.99826592,
        0.99820152,  0.99814331,  0.99809042,  0.99804214,  0.9979979 ,
        0.99795725,  0.9979198 ,  0.99788522,  0.99785325,  0.99782362,
        0.99779612,  0.99777056,  0.99774676,  0.99772455,  0.9977038 ,
        0.99768436,  0.99766613,  0.997649  ,  0.99763287,  0.99761766,
        0.99760329,  0.99758969,  0.99757682,  0.99756461,  0.99755301,
        0.99754198,  0.99753148,  0.99752149,  0.99751196,  0.99750286,
        0.99749417,  0.99748587,  0.99747794,  0.99747034,  0.99746307,
        0.99745611,  0.99744944,  0.99744304,  0.9974369 ,  0.99743101,
        0.99742535,  0.99741991,  0.99741469,  0.99740968,  0.99740485,
        0.99740021,  0.99739574,  0.99739144,  0.99738731,  0.99738332,
        0.99737948,  0.99737578,  0.99737222,  0.99736878,  0.99736547,
        0.99736227,  0.99735919,  0.99735621,  0.99735334,  0.99735057,
        0.99734789,  0.99734531,  0.99734281,  0.9973404 ,  0.99733807,
        0.99733582,  0.99733365,  0.99733154,  0.99732951,  0.99732754,
        0.99732564,  0.9973238 ,  0.99732202,  0.9973203 ,  0.99731863,
        0.99731702,  0.99731546,  0.99731395,  0.99731249,  0.99731107,
        0.9973097 ,  0.99730837,  0.99730708,  0.99730583,  0.99730462,
        0.99730345,  0.99730232,  0.99730122,  0.99730015,  0.99729912,
        0.99729812,  0.99729714,  0.9972962 ,  0.99729529,  0.9972944 ,
        0.99729354,  0.99729271,  0.9972919 ,  0.99729111,  0.99729035,
        0.99728961,  0.9972889 ,  0.9972882 ,  0.99728752,  0.99728687,
        0.99728623,  0.99728561,  0.99728501,  0.99728443,  0.99728386,
        0.99728331,  0.99728278,  0.99728226,  0.99728175,  0.99728126,
        0.99728079,  0.99728033,  0.99727988,  0.99727944,  0.99727902,
        0.9972786 ]), array([ 1.08872731,  1.07646832,  1.07179829,  1.06441922,  1.05406698,
        1.04247217,  1.03265539,  1.02611178,  1.02217647,  1.01965757,
        1.01779905,  1.01622028,  1.01470337,  1.01309964,  1.01130992,
        1.00929841,  1.00712151,  1.00494118,  1.00298165,  1.00142729,
        1.00033555,  0.99963922,  0.99921718,  0.99895945,  0.99879166,
        0.99867144,  0.99857692,  0.99849731,  0.99842729,  0.99836417,
        0.99830641,  0.99825311,  0.99820364,  0.99815753,  0.99811441,
        0.998074  ,  0.99803604,  0.99800033,  0.99796668,  0.99793492,
        0.99790493,  0.99787656,  0.99784971,  0.99782428,  0.99780017,
        0.9977773 ,  0.99775559,  0.99773496,  0.99771537,  0.99769674,
        0.99767901,  0.99766215,  0.99764609,  0.99763079,  0.99761622,
        0.99760233,  0.99758908,  0.99757645,  0.99756439,  0.99755288,
        0.99754189,  0.99753139,  0.99752136,  0.99751177,  0.9975026 ,
        0.99749383,  0.99748544,  0.99747741,  0.99746972,  0.99746235,
        0.99745529,  0.99744853,  0.99744204,  0.99743583,  0.99742986,
        0.99742414,  0.99741864,  0.99741337,  0.9974083 ,  0.99740343,
        0.99739875,  0.99739425,  0.99738993,  0.99738577,  0.99738176,
        0.99737791,  0.99737421,  0.99737064,  0.9973672 ,  0.99736388,
        0.99736069,  0.99735762,  0.99735465,  0.99735179,  0.99734904,
        0.99734638,  0.99734381,  0.99734133,  0.99733894,  0.99733663,
        0.9973344 ,  0.99733225,  0.99733017,  0.99732816,  0.99732622,
        0.99732434,  0.99732253,  0.99732077,  0.99731908,  0.99731744,
        0.99731585,  0.99731431,  0.99731283,  0.99731139,  0.99731   ,
        0.99730865,  0.99730735,  0.99730608,  0.99730486,  0.99730368,
        0.99730253,  0.99730142,  0.99730034,  0.99729929,  0.99729828,
        0.9972973 ,  0.99729635,  0.99729543,  0.99729453,  0.99729367,
        0.99729283,  0.99729201,  0.99729122,  0.99729045,  0.99728971,
        0.99728899,  0.99728829,  0.99728761,  0.99728695,  0.99728631,
        0.99728568,  0.99728508,  0.99728449,  0.99728392,  0.99728337,
        0.99728283,  0.99728231,  0.99728181,  0.99728131,  0.99728084,
        0.99728037]), array([ 1.16234642,  1.07002167,  1.06637961,  1.06205833,  1.05716271,
        1.05187704,  1.04634967,  1.04060665,  1.03465388,  1.02872591,
        1.02330662,  1.01875146,  1.01504764,  1.01197455,  1.00931947,
        1.0069698 ,  1.00491493,  1.00319673,  1.00184388,  1.00083447,
        1.00010479,  0.99957992,  0.999196  ,  0.99890701,  0.99868255,
        0.99850315,  0.99835637,  0.99823404,  0.99813063,  0.99804224,
        0.997966  ,  0.99789978,  0.99784191,  0.99779107,  0.99774621,
        0.99770647,  0.99767113,  0.9976396 ,  0.9976114 ,  0.99758609,
        0.99756333,  0.9975428 ,  0.99752425,  0.99750746,  0.99749222,
        0.99747836,  0.99746573,  0.99745421,  0.99744368,  0.99743404,
        0.9974252 ,  0.99741708,  0.9974096 ,  0.99740272,  0.99739636,
        0.99739049,  0.99738506,  0.99738002,  0.99737534,  0.997371  ,
        0.99736696,  0.99736319,  0.99735967,  0.99735638,  0.9973533 ,
        0.99735042,  0.99734771,  0.99734517,  0.99734277,  0.99734052,
        0.99733839,  0.99733637,  0.99733447,  0.99733266,  0.99733095,
        0.99732932,  0.99732777,  0.99732629,  0.99732489,  0.99732354,
        0.99732225,  0.99732102,  0.99731983,  0.99731869,  0.9973176 ,
        0.99731654,  0.99731553,  0.99731455,  0.9973136 ,  0.99731268,
        0.99731179,  0.99731093,  0.9973101 ,  0.99730928,  0.99730849,
        0.99730773,  0.99730698,  0.99730625,  0.99730553,  0.99730484,
        0.99730416,  0.9973035 ,  0.99730284,  0.99730221,  0.99730158,
        0.99730097,  0.99730037,  0.99729978,  0.99729921,  0.99729864,
        0.99729808,  0.99729754,  0.997297  ,  0.99729647,  0.99729595,
        0.99729543,  0.99729493,  0.99729443,  0.99729394,  0.99729346,
        0.99729299,  0.99729252,  0.99729206,  0.99729161,  0.99729116,
        0.99729072,  0.99729028,  0.99728985,  0.99728943,  0.99728901,
        0.9972886 ,  0.9972882 ,  0.9972878 ,  0.9972874 ,  0.99728701,
        0.99728663,  0.99728625,  0.99728588,  0.99728551,  0.99728515,
        0.99728479,  0.99728444,  0.99728409,  0.99728375,  0.99728341,
        0.99728307,  0.99728275,  0.99728242,  0.9972821 ,  0.99728179,
        0.99728147]), array([ 1.07720664,  1.05953929,  1.04873475,  1.039389  ,  1.03162004,
        1.02518587,  1.01982285,  1.01531083,  1.01145253,  1.00814203,
        1.00539754,  1.00328601,  1.00180751,  1.00085575,  1.0002717 ,
        0.99991211,  0.99967867,  0.99951396,  0.99938729,  0.99928279,
        0.9991922 ,  0.99911106,  0.99903681,  0.99896789,  0.99890326,
        0.9988422 ,  0.99878418,  0.99872881,  0.99867577,  0.99862481,
        0.99857573,  0.99852839,  0.99848265,  0.99843841,  0.99839559,
        0.99835413,  0.99831397,  0.99827507,  0.9982374 ,  0.99820093,
        0.99816563,  0.99813149,  0.99809848,  0.99806659,  0.99803579,
        0.99800607,  0.99797741,  0.99794978,  0.99792316,  0.99789753,
        0.99787287,  0.99784916,  0.99782635,  0.99780444,  0.99778339,
        0.99776318,  0.99774377,  0.99772515,  0.99770729,  0.99769015,
        0.99767372,  0.99765797,  0.99764287,  0.99762839,  0.99761452,
        0.99760122,  0.99758848,  0.99757627,  0.99756457,  0.99755336,
        0.99754261,  0.99753232,  0.99752245,  0.99751299,  0.99750392,
        0.99749523,  0.99748689,  0.9974789 ,  0.99747123,  0.99746388,
        0.99745682,  0.99745005,  0.99744355,  0.9974373 ,  0.99743131,
        0.99742555,  0.99742002,  0.99741471,  0.9974096 ,  0.99740469,
        0.99739997,  0.99739543,  0.99739107,  0.99738687,  0.99738282,
        0.99737893,  0.99737518,  0.99737157,  0.9973681 ,  0.99736475,
        0.99736152,  0.99735841,  0.99735541,  0.99735252,  0.99734973,
        0.99734704,  0.99734445,  0.99734194,  0.99733952,  0.99733719,
        0.99733494,  0.99733276,  0.99733066,  0.99732863,  0.99732666,
        0.99732477,  0.99732293,  0.99732116,  0.99731945,  0.99731779,
        0.99731619,  0.99731464,  0.99731314,  0.99731169,  0.99731028,
        0.99730892,  0.99730761,  0.99730633,  0.9973051 ,  0.9973039 ,
        0.99730274,  0.99730162,  0.99730054,  0.99729948,  0.99729846,
        0.99729748,  0.99729652,  0.99729559,  0.99729469,  0.99729382,
        0.99729297,  0.99729215,  0.99729135,  0.99729058,  0.99728983,
        0.9972891 ,  0.9972884 ,  0.99728771,  0.99728705,  0.9972864 ,
        0.99728578]), array([ 1.08439323,  1.06976466,  1.06141821,  1.05051814,  1.03892828,
        1.02936493,  1.02300717,  1.01905629,  1.016208  ,  1.01364222,
        1.01107955,  1.00857728,  1.00634359,  1.00456009,  1.00326782,
        1.00238138,  1.00177351,  1.00133748,  1.00100375,  1.00073246,
        1.00050192,  1.0003003 ,  1.00012076,  0.99995902,  0.99981215,
        0.99967796,  0.9995547 ,  0.99944098,  0.99933561,  0.99923758,
        0.99914603,  0.99906024,  0.99897958,  0.99890351,  0.99883155,
        0.9987633 ,  0.99869843,  0.99863663,  0.99857765,  0.99852126,
        0.9984673 ,  0.99841558,  0.998366  ,  0.99831842,  0.99827277,
        0.99822897,  0.99818695,  0.99814665,  0.99810804,  0.99807108,
        0.99803572,  0.99800193,  0.99796966,  0.99793889,  0.99790957,
        0.99788164,  0.99785507,  0.99782979,  0.99780575,  0.9977829 ,
        0.99776117,  0.99774051,  0.99772086,  0.99770217,  0.99768438,
        0.99766745,  0.99765132,  0.99763595,  0.99762131,  0.99760734,
        0.99759401,  0.9975813 ,  0.99756916,  0.99755756,  0.99754648,
        0.9975359 ,  0.99752577,  0.99751609,  0.99750683,  0.99749797,
        0.99748948,  0.99748135,  0.99747357,  0.99746611,  0.99745896,
        0.99745211,  0.99744553,  0.99743922,  0.99743317,  0.99742736,
        0.99742177,  0.99741641,  0.99741126,  0.99740631,  0.99740156,
        0.99739698,  0.99739258,  0.99738834,  0.99738427,  0.99738034,
        0.99737657,  0.99737293,  0.99736943,  0.99736605,  0.99736279,
        0.99735966,  0.99735663,  0.99735372,  0.9973509 ,  0.99734819,
        0.99734557,  0.99734304,  0.9973406 ,  0.99733824,  0.99733596,
        0.99733376,  0.99733164,  0.99732958,  0.9973276 ,  0.99732568,
        0.99732383,  0.99732204,  0.9973203 ,  0.99731862,  0.997317  ,
        0.99731543,  0.99731391,  0.99731244,  0.99731102,  0.99730964,
        0.99730831,  0.99730702,  0.99730577,  0.99730455,  0.99730338,
        0.99730224,  0.99730114,  0.99730007,  0.99729904,  0.99729804,
        0.99729706,  0.99729612,  0.99729521,  0.99729432,  0.99729346,
        0.99729263,  0.99729182,  0.99729103,  0.99729027,  0.99728953,
        0.99728882]), array([ 1.11458204,  1.05567743,  1.03951719,  1.02197443,  1.01017848,
        1.00503407,  1.00305297,  1.00207915,  1.00144503,  1.00097298,
        1.00060231,  1.00030325,  1.00005764,  0.9998532 ,  0.99968111,
        0.99953479,  0.99940918,  0.99930034,  0.99920513,  0.99912108,
        0.99904619,  0.99897884,  0.99891776,  0.99886188,  0.99881036,
        0.9987625 ,  0.99871773,  0.99867558,  0.99863568,  0.99859769,
        0.99856137,  0.99852649,  0.99849288,  0.99846038,  0.99842886,
        0.99839824,  0.99836841,  0.9983393 ,  0.99831087,  0.99828306,
        0.99825582,  0.99822914,  0.99820297,  0.99817731,  0.99815214,
        0.99812743,  0.99810319,  0.9980794 ,  0.99805607,  0.99803318,
        0.99801074,  0.99798875,  0.9979672 ,  0.99794609,  0.99792543,
        0.99790522,  0.99788546,  0.99786615,  0.99784728,  0.99782887,
        0.99781091,  0.99779339,  0.99777633,  0.99775971,  0.99774353,
        0.9977278 ,  0.9977125 ,  0.99769764,  0.9976832 ,  0.99766919,
        0.9976556 ,  0.99764242,  0.99762965,  0.99761727,  0.99760529,
        0.99759369,  0.99758247,  0.99757161,  0.99756111,  0.99755096,
        0.99754116,  0.99753169,  0.99752254,  0.99751371,  0.99750518,
        0.99749695,  0.99748901,  0.99748135,  0.99747396,  0.99746683,
        0.99745995,  0.99745332,  0.99744693,  0.99744076,  0.99743482,
        0.99742909,  0.99742357,  0.99741824,  0.99741311,  0.99740816,
        0.99740339,  0.99739879,  0.99739435,  0.99739008,  0.99738595,
        0.99738198,  0.99737814,  0.99737444,  0.99737088,  0.99736744,
        0.99736412,  0.99736091,  0.99735783,  0.99735484,  0.99735197,
        0.99734919,  0.99734651,  0.99734392,  0.99734142,  0.99733901,
        0.99733668,  0.99733443,  0.99733226,  0.99733016,  0.99732813,
        0.99732617,  0.99732427,  0.99732244,  0.99732067,  0.99731895,
        0.9973173 ,  0.9973157 ,  0.99731415,  0.99731265,  0.9973112 ,
        0.9973098 ,  0.99730844,  0.99730713,  0.99730586,  0.99730463,
        0.99730344,  0.99730228,  0.99730116,  0.99730008,  0.99729903,
        0.99729802,  0.99729704,  0.99729608,  0.99729516,  0.99729426,
        0.9972934 ]), array([ 1.28413426,  1.07061539,  1.06800163,  1.06578124,  1.06371057,
        1.06150314,  1.05894321,  1.05599114,  1.0528033 ,  1.04963216,
        1.04668609,  1.04406074,  1.04175663,  1.03972584,  1.03790661,
        1.03623937,  1.03467129,  1.03315603,  1.03165237,  1.03012315,
        1.02853541,  1.02686161,  1.02508165,  1.02318406,  1.0211648 ,
        1.01902435,  1.01676833,  1.01441929,  1.01203951,  1.00974579,
        1.00768582,  1.00597564,  1.00464931,  1.00366335,  1.00293801,
        1.00239461,  1.0019724 ,  1.00163016,  1.00134178,  1.00109124,
        1.00086866,  1.00066782,  1.00048459,  1.00031611,  1.00016027,
        1.00001545,  0.99988036,  0.99975393,  0.99963528,  0.99952363,
        0.99941833,  0.9993188 ,  0.99922456,  0.99913516,  0.99905021,
        0.99896937,  0.99889234,  0.99881887,  0.99874871,  0.99868166,
        0.99861754,  0.99855621,  0.99849751,  0.99844135,  0.99838761,
        0.99833622,  0.9982871 ,  0.99824019,  0.99819542,  0.99815275,
        0.99811213,  0.99807351,  0.99803682,  0.99800203,  0.99796905,
        0.99793784,  0.9979083 ,  0.99788037,  0.99785396,  0.99782898,
        0.99780536,  0.99778301,  0.99776184,  0.99774177,  0.99772274,
        0.99770467,  0.9976875 ,  0.99767116,  0.99765561,  0.99764079,
        0.99762665,  0.99761316,  0.99760028,  0.99758796,  0.99757618,
        0.99756491,  0.99755413,  0.99754379,  0.99753389,  0.9975244 ,
        0.99751529,  0.99750655,  0.99749817,  0.99749011,  0.99748238,
        0.99747495,  0.9974678 ,  0.99746094,  0.99745433,  0.99744798,
        0.99744187,  0.99743598,  0.99743032,  0.99742486,  0.99741961,
        0.99741455,  0.99740967,  0.99740497,  0.99740044,  0.99739607,
        0.99739186,  0.9973878 ,  0.99738388,  0.99738009,  0.99737644,
        0.99737292,  0.99736951,  0.99736623,  0.99736306,  0.99735999,
        0.99735703,  0.99735417,  0.99735141,  0.99734874,  0.99734616,
        0.99734366,  0.99734125,  0.99733891,  0.99733666,  0.99733447,
        0.99733236,  0.99733032,  0.99732834,  0.99732643,  0.99732458,
        0.99732278,  0.99732105,  0.99731937,  0.99731774,  0.99731617,
        0.99731464]), array([ 1.08775287,  1.05999037,  1.04991581,  1.0393813 ,  1.0305688 ,
        1.02485138,  1.02174861,  1.0200507 ,  1.01894303,  1.01806628,
        1.01726867,  1.01646705,  1.01559984,  1.01461419,  1.01346503,
        1.01212029,  1.0105694 ,  1.00883162,  1.00696348,  1.00507479,
        1.00334239,  1.00195553,  1.00099466,  1.00039609,  1.00003649,
        0.99981226,  0.99965974,  0.99954534,  0.99945247,  0.999373  ,
        0.9993028 ,  0.99923964,  0.99918216,  0.99912947,  0.9990809 ,
        0.99903596,  0.99899421,  0.9989553 ,  0.99891895,  0.99888489,
        0.9988529 ,  0.99882278,  0.99879436,  0.9987675 ,  0.99874205,
        0.9987179 ,  0.99869494,  0.99867308,  0.99865223,  0.99863232,
        0.99861326,  0.998595  ,  0.99857747,  0.99856063,  0.99854442,
        0.99852879,  0.9985137 ,  0.99849912,  0.998485  ,  0.9984713 ,
        0.99845799,  0.99844505,  0.99843243,  0.99842011,  0.99840807,
        0.99839627,  0.99838469,  0.9983733 ,  0.99836208,  0.998351  ,
        0.99834005,  0.99832919,  0.99831841,  0.99830768,  0.99829698,
        0.99828629,  0.99827559,  0.99826485,  0.99825406,  0.9982432 ,
        0.99823224,  0.99822116,  0.99820995,  0.99819858,  0.99818704,
        0.9981753 ,  0.99816334,  0.99815116,  0.99813872,  0.99812601,
        0.99811302,  0.99809973,  0.99808613,  0.9980722 ,  0.99805793,
        0.99804332,  0.99802834,  0.99801301,  0.99799731,  0.99798125,
        0.99796482,  0.99794804,  0.99793092,  0.99791346,  0.99789569,
        0.99787763,  0.99785931,  0.99784076,  0.99782201,  0.99780312,
        0.99778413,  0.99776508,  0.99774605,  0.99772707,  0.99770822,
        0.99768955,  0.99767112,  0.99765299,  0.99763522,  0.99761786,
        0.99760095,  0.99758453,  0.99756863,  0.99755328,  0.9975385 ,
        0.9975243 ,  0.99751068,  0.99749765,  0.99748521,  0.99747334,
        0.99746204,  0.99745129,  0.99744108,  0.99743139,  0.9974222 ,
        0.9974135 ,  0.99740527,  0.99739748,  0.99739013,  0.99738318,
        0.99737663,  0.99737045,  0.99736462,  0.99735914,  0.99735397,
        0.99734911,  0.99734453,  0.99734023,  0.99733618,  0.99733237,
        0.99732878])]

