out_c
[array([ 1.12254537,  1.05562199,  1.05106161,  1.04713754,  1.04347305,
        1.03996485,  1.0366195 ,  1.03347702,  1.03056418,  1.02787664,
        1.0253817 ,  1.02303168,  1.02077926,  1.01859005,  1.01644992,
        1.01436583,  1.01236011,  1.01046023,  1.00868923,  1.00706116,
        1.00558183,  1.00425202,  1.00307017,  1.00203339,  1.0011369 ,
        1.00037309,  0.99973123,  0.99919784,  0.99875793,  0.99839633,
        0.99809888,  0.9978532 ,  0.99764898,  0.99747798,  0.99733373,
        0.99721125,  0.99710672,  0.99701716,  0.99694022,  0.99687403,
        0.99681706,  0.99676801,  0.99672581,  0.99668952,  0.99665833,
        0.99663156,  0.99660859,  0.99658889,  0.99657202,  0.99655757,
        0.9965452 ,  0.99653461,  0.99652555,  0.9965178 ,  0.99651116,
        0.99650548,  0.99650061,  0.99649643,  0.99649285,  0.99648978,
        0.99648714,  0.99648486,  0.9964829 ,  0.99648121,  0.99647975,
        0.99647848,  0.99647737,  0.99647641,  0.99647557,  0.99647484,
        0.99647419,  0.99647362,  0.99647311,  0.99647266,  0.99647226,
        0.9964719 ,  0.99647158,  0.99647128,  0.99647102,  0.99647077,
        0.99647055,  0.99647034,  0.99647015,  0.99646998,  0.99646981,
        0.99646966,  0.99646951,  0.99646937,  0.99646924,  0.99646912,
        0.996469  ,  0.99646889,  0.99646878,  0.99646867,  0.99646857,
        0.99646848,  0.99646839,  0.9964683 ,  0.99646821,  0.99646812,
        0.99646804,  0.99646796,  0.99646788,  0.99646781,  0.99646774,
        0.99646766,  0.99646759,  0.99646752,  0.99646746,  0.99646739,
        0.99646733,  0.99646726,  0.9964672 ,  0.99646714,  0.99646708,
        0.99646703,  0.99646697,  0.99646691,  0.99646686,  0.9964668 ,
        0.99646675,  0.9964667 ,  0.99646665,  0.9964666 ,  0.99646655,
        0.9964665 ,  0.99646646,  0.99646641,  0.99646636,  0.99646632,
        0.99646628,  0.99646623,  0.99646619,  0.99646615,  0.99646611,
        0.99646607,  0.99646603,  0.99646599,  0.99646595,  0.99646591,
        0.99646587,  0.99646584,  0.9964658 ,  0.99646576,  0.99646573,
        0.99646569,  0.99646566,  0.99646563,  0.99646559,  0.99646556,
        0.99646553]), array([ 1.19268126,  1.05093968,  1.04927817,  1.04768985,  1.04580283,
        1.04351424,  1.04076372,  1.03755548,  1.03397385,  1.03016595,
        1.02629473,  1.02249594,  1.01886582,  1.01547459,  1.01238481,
        1.00965839,  1.00734767,  1.00547683,  1.00402902,  1.00295004,
        1.00216482,  1.0015958 ,  1.00117578,  1.00085306,  1.00059118,
        1.00036593,  1.00016192,  0.99996969,  0.99978363,  0.99960055,
        0.99941884,  0.99923794,  0.99905798,  0.99887955,  0.99870356,
        0.99853108,  0.99836324,  0.99820116,  0.99804588,  0.99789828,
        0.99775905,  0.9976287 ,  0.99750755,  0.9973957 ,  0.99729311,
        0.99719958,  0.9971148 ,  0.99703837,  0.9969698 ,  0.99690857,
        0.99685413,  0.99680592,  0.99676338,  0.99672597,  0.99669316,
        0.99666446,  0.99663942,  0.9966176 ,  0.99659863,  0.99658216,
        0.99656786,  0.99655546,  0.99654471,  0.9965354 ,  0.99652732,
        0.99652032,  0.99651424,  0.99650895,  0.99650436,  0.99650036,
        0.99649687,  0.99649383,  0.99649116,  0.99648882,  0.99648677,
        0.99648496,  0.99648336,  0.99648194,  0.99648068,  0.99647956,
        0.99647856,  0.99647766,  0.99647686,  0.99647613,  0.99647547,
        0.99647488,  0.99647433,  0.99647384,  0.99647339,  0.99647297,
        0.99647259,  0.99647223,  0.99647191,  0.9964716 ,  0.99647132,
        0.99647106,  0.99647081,  0.99647058,  0.99647037,  0.99647017,
        0.99646998,  0.9964698 ,  0.99646963,  0.99646947,  0.99646931,
        0.99646917,  0.99646903,  0.9964689 ,  0.99646878,  0.99646866,
        0.99646854,  0.99646844,  0.99646833,  0.99646823,  0.99646814,
        0.99646805,  0.99646796,  0.99646787,  0.99646779,  0.99646771,
        0.99646763,  0.99646756,  0.99646749,  0.99646742,  0.99646735,
        0.99646729,  0.99646723,  0.99646717,  0.99646711,  0.99646705,
        0.99646699,  0.99646694,  0.99646688,  0.99646683,  0.99646678,
        0.99646673,  0.99646668,  0.99646664,  0.99646659,  0.99646654,
        0.9964665 ,  0.99646646,  0.99646641,  0.99646637,  0.99646633,
        0.99646629,  0.99646625,  0.99646621,  0.99646618,  0.99646614,
        0.9964661 ]), array([ 1.14766187,  1.04842302,  1.04368423,  1.03864369,  1.03347866,
        1.02861035,  1.02432834,  1.02075749,  1.01789764,  1.0156721 ,
        1.01396223,  1.01263468,  1.0115654 ,  1.01065554,  1.00983583,
        1.00906239,  1.00830959,  1.00756353,  1.00681759,  1.00606983,
        1.00532176,  1.00457782,  1.0038451 ,  1.00313276,  1.00245103,
        1.0018098 ,  1.00121729,  1.00067925,  1.00019855,  0.99977541,
        0.99940774,  0.99909172,  0.99882228,  0.99859367,  0.9983999 ,
        0.99823518,  0.99809416,  0.99797214,  0.99786511,  0.99776979,
        0.99768354,  0.9976043 ,  0.99753054,  0.99746109,  0.99739518,
        0.99733224,  0.99727198,  0.99721422,  0.99715891,  0.99710609,
        0.99705581,  0.99700817,  0.99696324,  0.99692108,  0.99688172,
        0.99684514,  0.99681131,  0.99678015,  0.99675157,  0.99672544,
        0.99670163,  0.99667999,  0.99666035,  0.99664258,  0.99662651,
        0.996612  ,  0.99659891,  0.99658711,  0.99657647,  0.99656688,
        0.99655824,  0.99655044,  0.99654341,  0.99653706,  0.99653133,
        0.99652615,  0.99652146,  0.99651721,  0.99651336,  0.99650986,
        0.99650669,  0.9965038 ,  0.99650116,  0.99649876,  0.99649657,
        0.99649456,  0.99649273,  0.99649104,  0.9964895 ,  0.99648808,
        0.99648677,  0.99648557,  0.99648446,  0.99648343,  0.99648249,
        0.99648161,  0.99648079,  0.99648004,  0.99647934,  0.99647868,
        0.99647807,  0.99647751,  0.99647698,  0.99647648,  0.99647602,
        0.99647559,  0.99647518,  0.9964748 ,  0.99647444,  0.9964741 ,
        0.99647379,  0.99647349,  0.9964732 ,  0.99647294,  0.99647268,
        0.99647244,  0.99647222,  0.996472  ,  0.9964718 ,  0.9964716 ,
        0.99647142,  0.99647124,  0.99647107,  0.99647091,  0.99647076,
        0.99647061,  0.99647047,  0.99647034,  0.99647021,  0.99647008,
        0.99646996,  0.99646985,  0.99646973,  0.99646963,  0.99646952,
        0.99646942,  0.99646933,  0.99646923,  0.99646914,  0.99646905,
        0.99646897,  0.99646888,  0.9964688 ,  0.99646872,  0.99646865,
        0.99646857,  0.9964685 ,  0.99646843,  0.99646836,  0.99646829,
        0.99646823]), array([ 1.13448518,  1.04541031,  1.04150051,  1.03722013,  1.03259067,
        1.02785788,  1.02330778,  1.01918076,  1.01560826,  1.01260943,
        1.01013092,  1.00809026,  1.00640342,  1.00499774,  1.00381586,
        1.00281486,  1.00196305,  1.00123661,  1.00061676,  1.00008793,
        0.99963674,  0.9992515 ,  0.99892195,  0.99863922,  0.99839571,
        0.99818503,  0.99800189,  0.99784193,  0.99770161,  0.99757803,
        0.99746885,  0.99737214,  0.99728631,  0.99721004,  0.99714219,
        0.99708181,  0.99702805,  0.99698019,  0.99693758,  0.99689964,
        0.99686586,  0.99683577,  0.99680894,  0.99678502,  0.99676367,
        0.99674458,  0.99672748,  0.99671214,  0.99669835,  0.99668592,
        0.99667468,  0.9966645 ,  0.99665523,  0.99664678,  0.99663904,
        0.99663193,  0.99662538,  0.99661932,  0.99661369,  0.99660845,
        0.99660356,  0.99659897,  0.99659465,  0.99659059,  0.99658674,
        0.9965831 ,  0.99657964,  0.99657635,  0.99657321,  0.99657021,
        0.99656733,  0.99656458,  0.99656193,  0.99655939,  0.99655695,
        0.99655459,  0.99655231,  0.99655012,  0.996548  ,  0.99654595,
        0.99654396,  0.99654204,  0.99654018,  0.99653838,  0.99653664,
        0.99653494,  0.9965333 ,  0.9965317 ,  0.99653015,  0.99652865,
        0.99652719,  0.99652577,  0.99652439,  0.99652304,  0.99652174,
        0.99652047,  0.99651923,  0.99651803,  0.99651686,  0.99651573,
        0.99651462,  0.99651354,  0.99651249,  0.99651147,  0.99651047,
        0.9965095 ,  0.99650855,  0.99650763,  0.99650673,  0.99650585,
        0.996505  ,  0.99650416,  0.99650335,  0.99650256,  0.99650178,
        0.99650103,  0.99650029,  0.99649957,  0.99649887,  0.99649818,
        0.99649751,  0.99649686,  0.99649622,  0.99649559,  0.99649498,
        0.99649439,  0.99649381,  0.99649324,  0.99649268,  0.99649214,
        0.99649161,  0.99649109,  0.99649058,  0.99649008,  0.9964896 ,
        0.99648912,  0.99648865,  0.9964882 ,  0.99648775,  0.99648732,
        0.99648689,  0.99648647,  0.99648607,  0.99648566,  0.99648527,
        0.99648489,  0.99648451,  0.99648415,  0.99648378,  0.99648343,
        0.99648309]), array([ 1.18472623,  1.05597185,  1.05466283,  1.05321238,  1.05149518,
        1.04951993,  1.04733889,  1.04503777,  1.04270812,  1.04041913,
        1.03820468,  1.03606722,  1.03399008,  1.03194934,  1.0299209 ,
        1.02788236,  1.02581218,  1.02368984,  1.0214994 ,  1.01923598,
        1.01691243,  1.0145627 ,  1.01223898,  1.01000251,  1.0079115 ,
        1.00601135,  1.00433067,  1.00288216,  1.00166523,  1.00066824,
        0.99987039,  0.99924427,  0.99875943,  0.99838604,  0.99809767,
        0.99787269,  0.99769443,  0.9975506 ,  0.99743239,  0.99733357,
        0.99724973,  0.99717775,  0.99711536,  0.99706086,  0.99701299,
        0.99697074,  0.9969333 ,  0.99690001,  0.99687033,  0.9968438 ,
        0.99682   ,  0.99679862,  0.99677935,  0.99676193,  0.99674616,
        0.99673182,  0.99671876,  0.99670682,  0.99669589,  0.99668584,
        0.99667659,  0.99666804,  0.99666011,  0.99665276,  0.99664591,
        0.99663951,  0.99663353,  0.99662793,  0.99662266,  0.99661769,
        0.99661301,  0.99660859,  0.9966044 ,  0.99660042,  0.99659665,
        0.99659306,  0.99658963,  0.99658637,  0.99658324,  0.99658026,
        0.9965774 ,  0.99657466,  0.99657203,  0.9965695 ,  0.99656707,
        0.99656472,  0.99656247,  0.9965603 ,  0.9965582 ,  0.99655617,
        0.99655421,  0.99655232,  0.99655049,  0.99654872,  0.996547  ,
        0.99654533,  0.99654372,  0.99654215,  0.99654063,  0.99653916,
        0.99653772,  0.99653633,  0.99653497,  0.99653366,  0.99653237,
        0.99653113,  0.99652991,  0.99652873,  0.99652757,  0.99652645,
        0.99652535,  0.99652428,  0.99652324,  0.99652222,  0.99652123,
        0.99652026,  0.99651932,  0.99651839,  0.99651749,  0.99651661,
        0.99651575,  0.99651491,  0.99651408,  0.99651328,  0.99651249,
        0.99651172,  0.99651096,  0.99651023,  0.9965095 ,  0.9965088 ,
        0.99650811,  0.99650743,  0.99650676,  0.99650611,  0.99650548,
        0.99650485,  0.99650424,  0.99650364,  0.99650305,  0.99650248,
        0.99650191,  0.99650136,  0.99650081,  0.99650028,  0.99649976,
        0.99649924,  0.99649874,  0.99649824,  0.99649776,  0.99649728,
        0.99649681]), array([ 1.14452503,  1.05279035,  1.05092161,  1.0488392 ,  1.04649143,
        1.04383989,  1.04086467,  1.03758768,  1.03408642,  1.03048891,
        1.02695218,  1.02363502,  1.02067438,  1.01816718,  1.01615632,
        1.01462374,  1.01349827,  1.01267883,  1.01206107,  1.01155552,
        1.01109385,  1.01062705,  1.01012066,  1.00955053,  1.00890042,
        1.00816188,  1.00733578,  1.00643455,  1.00548346,  1.00451909,
        1.0035842 ,  1.00271958,  1.00195603,  1.00130946,  1.00078066,
        1.00035881,  1.00002649,  0.99976434,  0.99955419,  0.99938083,
        0.99923244,  0.99910044,  0.99897887,  0.99886381,  0.99875282,
        0.99864445,  0.99853795,  0.99843306,  0.99832977,  0.99822831,
        0.99812898,  0.99803218,  0.99793831,  0.99784774,  0.99776085,
        0.99767795,  0.99759928,  0.99752503,  0.99745532,  0.99739022,
        0.99732971,  0.99727372,  0.99722214,  0.99717481,  0.99713153,
        0.99709209,  0.99705625,  0.99702376,  0.99699435,  0.99696778,
        0.99694379,  0.99692214,  0.99690259,  0.99688493,  0.99686897,
        0.99685451,  0.99684138,  0.99682944,  0.99681854,  0.99680857,
        0.99679941,  0.99679096,  0.99678314,  0.99677588,  0.99676911,
        0.99676276,  0.9967568 ,  0.99675117,  0.99674584,  0.99674078,
        0.99673595,  0.99673133,  0.99672689,  0.99672263,  0.99671851,
        0.99671454,  0.99671069,  0.99670695,  0.99670331,  0.99669977,
        0.99669632,  0.99669295,  0.99668966,  0.99668644,  0.99668329,
        0.99668019,  0.99667716,  0.99667419,  0.99667127,  0.9966684 ,
        0.99666558,  0.9966628 ,  0.99666007,  0.99665739,  0.99665475,
        0.99665215,  0.99664959,  0.99664707,  0.99664458,  0.99664213,
        0.99663972,  0.99663734,  0.996635  ,  0.99663269,  0.99663041,
        0.99662817,  0.99662595,  0.99662377,  0.99662161,  0.99661949,
        0.99661739,  0.99661533,  0.99661329,  0.99661127,  0.99660929,
        0.99660733,  0.99660539,  0.99660349,  0.9966016 ,  0.99659974,
        0.99659791,  0.9965961 ,  0.99659431,  0.99659255,  0.99659081,
        0.99658909,  0.9965874 ,  0.99658572,  0.99658407,  0.99658244,
        0.99658083]), array([ 1.08843182,  1.05727525,  1.05581543,  1.05408108,  1.05203933,
        1.04964376,  1.04681251,  1.04343632,  1.03943286,  1.03482948,
        1.02981285,  1.02469565,  1.01981771,  1.01544764,  1.0117366 ,
        1.00872761,  1.00638792,  1.00463762,  1.00337096,  1.00247543,
        1.00184773,  1.00140367,  1.00108101,  1.00083705,  1.00064411,
        1.00048484,  1.00034853,  1.00022848,  1.00012039,  1.00002138,
        0.99992938,  0.99984284,  0.99976051,  0.99968139,  0.99960462,
        0.99952947,  0.99945531,  0.9993816 ,  0.99930789,  0.99923378,
        0.99915898,  0.99908323,  0.99900636,  0.99892826,  0.99884889,
        0.99876826,  0.99868647,  0.99860366,  0.99852002,  0.99843582,
        0.99835133,  0.99826691,  0.9981829 ,  0.99809969,  0.99801767,
        0.99793721,  0.99785868,  0.99778244,  0.99770878,  0.99763799,
        0.99757028,  0.99750585,  0.99744482,  0.99738727,  0.99733325,
        0.99728274,  0.9972357 ,  0.99719205,  0.99715168,  0.99711444,
        0.99708019,  0.99704876,  0.99701997,  0.99699363,  0.99696955,
        0.99694757,  0.99692748,  0.99690913,  0.99689235,  0.99687698,
        0.99686289,  0.99684994,  0.99683801,  0.99682699,  0.99681679,
        0.99680731,  0.99679848,  0.99679023,  0.99678249,  0.99677521,
        0.99676834,  0.99676183,  0.99675566,  0.99674978,  0.99674417,
        0.9967388 ,  0.99673365,  0.9967287 ,  0.99672393,  0.99671933,
        0.99671487,  0.99671056,  0.99670638,  0.99670232,  0.99669837,
        0.99669453,  0.99669078,  0.99668713,  0.99668356,  0.99668008,
        0.99667668,  0.99667335,  0.99667009,  0.9966669 ,  0.99666377,
        0.99666071,  0.99665771,  0.99665477,  0.99665188,  0.99664905,
        0.99664627,  0.99664354,  0.99664085,  0.99663822,  0.99663564,
        0.99663309,  0.9966306 ,  0.99662814,  0.99662573,  0.99662336,
        0.99662102,  0.99661873,  0.99661647,  0.99661425,  0.99661207,
        0.99660992,  0.99660781,  0.99660573,  0.99660368,  0.99660167,
        0.99659968,  0.99659773,  0.99659581,  0.99659391,  0.99659205,
        0.99659021,  0.99658841,  0.99658663,  0.99658487,  0.99658315,
        0.99658144]), array([ 1.07201505,  1.02466911,  1.01627804,  1.01115353,  1.00839135,
        1.00690069,  1.00598363,  1.00530403,  1.00472291,  1.00418625,
        1.00367271,  1.00317345,  1.00268506,  1.00220707,  1.00174094,
        1.00128945,  1.00085609,  1.00044463,  1.0000586 ,  0.999701  ,
        0.99937397,  0.99907868,  0.99881531,  0.99858311,  0.99838051,
        0.99820534,  0.99805502,  0.99792675,  0.9978177 ,  0.99772512,
        0.99764646,  0.99757942,  0.99752199,  0.99747243,  0.9974293 ,
        0.99739139,  0.99735772,  0.9973275 ,  0.99730009,  0.99727499,
        0.9972518 ,  0.99723021,  0.99720996,  0.99719087,  0.99717277,
        0.99715556,  0.99713912,  0.99712338,  0.99710828,  0.99709376,
        0.99707979,  0.99706631,  0.99705331,  0.99704075,  0.99702861,
        0.99701686,  0.99700549,  0.99699447,  0.99698379,  0.99697344,
        0.9969634 ,  0.99695365,  0.99694419,  0.99693499,  0.99692606,
        0.99691737,  0.99690892,  0.9969007 ,  0.9968927 ,  0.9968849 ,
        0.99687731,  0.99686991,  0.9968627 ,  0.99685567,  0.9968488 ,
        0.9968421 ,  0.99683557,  0.99682918,  0.99682294,  0.99681684,
        0.99681088,  0.99680506,  0.99679936,  0.99679378,  0.99678833,
        0.99678298,  0.99677776,  0.99677264,  0.99676762,  0.99676271,
        0.99675789,  0.99675317,  0.99674855,  0.99674401,  0.99673956,
        0.9967352 ,  0.99673092,  0.99672673,  0.99672261,  0.99671857,
        0.9967146 ,  0.99671071,  0.99670689,  0.99670314,  0.99669945,
        0.99669584,  0.99669229,  0.9966888 ,  0.99668537,  0.996682  ,
        0.99667869,  0.99667545,  0.99667225,  0.99666911,  0.99666603,
        0.996663  ,  0.99666002,  0.99665709,  0.99665421,  0.99665138,
        0.9966486 ,  0.99664586,  0.99664317,  0.99664052,  0.99663791,
        0.99663535,  0.99663283,  0.99663035,  0.99662791,  0.99662551,
        0.99662315,  0.99662083,  0.99661854,  0.99661629,  0.99661407,
        0.99661189,  0.99660974,  0.99660762,  0.99660554,  0.99660349,
        0.99660147,  0.99659948,  0.99659753,  0.9965956 ,  0.9965937 ,
        0.99659182,  0.99658998,  0.99658816,  0.99658637,  0.99658461,
        0.99658287]), array([ 1.17494707,  1.05188901,  1.05082481,  1.04973313,  1.04853455,
        1.04724499,  1.04589162,  1.0445019 ,  1.04309512,  1.04168039,
        1.04025984,  1.03883276,  1.03739748,  1.03595092,  1.03448701,
        1.03299529,  1.03146039,  1.02986256,  1.02817911,  1.02638694,
        1.02446621,  1.02240524,  1.02020578,  1.0178872 ,  1.01548847,
        1.01306694,  1.01069297,  1.00844034,  1.00637459,  1.00454326,
        1.00297129,  1.0016619 ,  1.00060098,  0.99976265,  0.99911463,
        0.99862277,  0.99825454,  0.99798119,  0.99777879,  0.99762835,
        0.99751539,  0.99742919,  0.997362  ,  0.99730832,  0.99726431,
        0.99722729,  0.9971954 ,  0.99716736,  0.9971423 ,  0.99711957,
        0.99709873,  0.99707947,  0.99706155,  0.99704479,  0.99702904,
        0.99701421,  0.99700019,  0.99698692,  0.99697433,  0.99696237,
        0.99695099,  0.99694014,  0.99692979,  0.9969199 ,  0.99691045,
        0.99690141,  0.99689274,  0.99688443,  0.99687646,  0.9968688 ,
        0.99686144,  0.99685436,  0.99684754,  0.99684098,  0.99683465,
        0.99682854,  0.99682265,  0.99681696,  0.99681146,  0.99680615,
        0.996801  ,  0.99679602,  0.9967912 ,  0.99678652,  0.99678199,
        0.99677759,  0.99677332,  0.99676917,  0.99676514,  0.99676122,
        0.99675741,  0.9967537 ,  0.99675008,  0.99674656,  0.99674313,
        0.99673978,  0.99673652,  0.99673333,  0.99673022,  0.99672718,
        0.99672421,  0.99672131,  0.99671846,  0.99671568,  0.99671296,
        0.9967103 ,  0.99670769,  0.99670513,  0.99670262,  0.99670016,
        0.99669774,  0.99669538,  0.99669305,  0.99669077,  0.99668852,
        0.99668632,  0.99668415,  0.99668202,  0.99667993,  0.99667787,
        0.99667584,  0.99667384,  0.99667188,  0.99666995,  0.99666804,
        0.99666617,  0.99666432,  0.9966625 ,  0.9966607 ,  0.99665893,
        0.99665719,  0.99665546,  0.99665377,  0.99665209,  0.99665044,
        0.99664881,  0.9966472 ,  0.99664561,  0.99664404,  0.99664249,
        0.99664096,  0.99663945,  0.99663796,  0.99663648,  0.99663503,
        0.99663359,  0.99663217,  0.99663076,  0.99662937,  0.996628  ,
        0.99662664]), array([ 1.08308198,  1.05839895,  1.05626912,  1.05297891,  1.04811395,
        1.04170408,  1.03454565,  1.02783222,  1.02239514,  1.01843417,
        1.01574472,  1.01399115,  1.01285692,  1.01209981,  1.01155709,
        1.01112914,  1.01075873,  1.01041394,  1.0100768 ,  1.00973656,
        1.00938624,  1.00902083,  1.00863646,  1.00823014,  1.00779957,
        1.00734321,  1.00686035,  1.00635125,  1.0058172 ,  1.00526072,
        1.0046856 ,  1.00409696,  1.00350123,  1.00290599,  1.0023197 ,
        1.00175129,  1.00120956,  1.00070248,  1.00023654,  0.99981622,
        0.9994437 ,  0.9991189 ,  0.99883977,  0.99860277,  0.99840341,
        0.99823676,  0.99809789,  0.99798214,  0.99788533,  0.99780384,
        0.99773464,  0.99767524,  0.99762363,  0.99757823,  0.99753778,
        0.9975013 ,  0.99746805,  0.99743745,  0.99740903,  0.99738246,
        0.99735746,  0.99733382,  0.99731136,  0.99728996,  0.99726951,
        0.99724991,  0.9972311 ,  0.997213  ,  0.99719558,  0.99717878,
        0.99716257,  0.99714691,  0.99713177,  0.99711713,  0.99710297,
        0.99708926,  0.99707598,  0.99706311,  0.99705065,  0.99703857,
        0.99702685,  0.9970155 ,  0.99700449,  0.99699381,  0.99698344,
        0.99697339,  0.99696364,  0.99695417,  0.99694498,  0.99693606,
        0.9969274 ,  0.99691899,  0.99691081,  0.99690287,  0.99689516,
        0.99688765,  0.99688036,  0.99687326,  0.99686636,  0.99685964,
        0.9968531 ,  0.99684672,  0.99684052,  0.99683447,  0.99682857,
        0.99682282,  0.99681721,  0.99681173,  0.99680638,  0.99680116,
        0.99679606,  0.99679108,  0.9967862 ,  0.99678143,  0.99677677,
        0.9967722 ,  0.99676773,  0.99676336,  0.99675907,  0.99675487,
        0.99675075,  0.99674672,  0.99674276,  0.99673887,  0.99673506,
        0.99673132,  0.99672765,  0.99672404,  0.9967205 ,  0.99671702,
        0.9967136 ,  0.99671024,  0.99670694,  0.99670369,  0.9967005 ,
        0.99669735,  0.99669427,  0.99669123,  0.99668824,  0.99668529,
        0.99668239,  0.99667954,  0.99667673,  0.99667397,  0.99667125,
        0.99666856,  0.99666592,  0.99666332,  0.99666075,  0.99665823,
        0.99665574])]
out_d
[array([ 1.07201505,  1.01896805,  1.00988826,  1.00674543,  1.00532146,
        1.00416326,  1.00302248,  1.00189357,  1.0008165 ,  0.9998408 ,
        0.99900897,  0.99834391,  0.99784397,  0.99748749,  0.9972428 ,
        0.99707799,  0.99696663,  0.99688949,  0.99683382,  0.99679162,
        0.99675809,  0.99673036,  0.99670675,  0.99668621,  0.9966681 ,
        0.99665197,  0.99663751,  0.99662449,  0.99661273,  0.99660206,
        0.99659237,  0.99658354,  0.99657547,  0.9965681 ,  0.99656135,
        0.99655515,  0.99654944,  0.99654419,  0.99653934,  0.99653487,
        0.99653072,  0.99652688,  0.99652332,  0.99652001,  0.99651693,
        0.99651406,  0.99651138,  0.99650888,  0.99650654,  0.99650436,
        0.99650231,  0.99650039,  0.99649858,  0.99649689,  0.9964953 ,
        0.9964938 ,  0.99649239,  0.99649106,  0.9964898 ,  0.99648862,
        0.9964875 ,  0.99648644,  0.99648544,  0.99648449,  0.99648359,
        0.99648274,  0.99648194,  0.99648117,  0.99648044,  0.99647975,
        0.9964791 ,  0.99647847,  0.99647788,  0.99647732,  0.99647678,
        0.99647627,  0.99647578,  0.99647531,  0.99647487,  0.99647444,
        0.99647404,  0.99647365,  0.99647328,  0.99647292,  0.99647258,
        0.99647226,  0.99647195,  0.99647165,  0.99647137,  0.9964711 ,
        0.99647084,  0.99647058,  0.99647034,  0.99647011,  0.99646989,
        0.99646968,  0.99646947,  0.99646928,  0.99646909,  0.99646891,
        0.99646873,  0.99646857,  0.9964684 ,  0.99646825,  0.9964681 ,
        0.99646795,  0.99646781,  0.99646768,  0.99646755,  0.99646743,
        0.99646731,  0.99646719,  0.99646708,  0.99646697,  0.99646687,
        0.99646677,  0.99646667,  0.99646657,  0.99646648,  0.9964664 ,
        0.99646631,  0.99646623,  0.99646615,  0.99646607,  0.996466  ,
        0.99646593,  0.99646586,  0.99646579,  0.99646572,  0.99646566,
        0.9964656 ,  0.99646554,  0.99646548,  0.99646542,  0.99646537,
        0.99646532,  0.99646527,  0.99646522,  0.99646517,  0.99646512,
        0.99646508,  0.99646503,  0.99646499,  0.99646495,  0.99646491,
        0.99646487,  0.99646483,  0.99646479,  0.99646475,  0.99646472,
        0.99646469]), array([ 1.14766187,  1.04454844,  1.03501768,  1.02645331,  1.02082062,
        1.01757726,  1.01553651,  1.01403652,  1.01282064,  1.01178248,
        1.01086088,  1.01001109,  1.00919729,  1.00839007,  1.00756531,
        1.00670409,  1.00579365,  1.00482951,  1.00381832,  1.00278041,
        1.00175039,  1.00077321,  0.9998949 ,  0.99915035,  0.99855399,
        0.99809857,  0.99776171,  0.99751549,  0.99733398,  0.99719684,
        0.99708983,  0.99700361,  0.99693232,  0.99687228,  0.99682112,
        0.99677725,  0.99673949,  0.99670695,  0.99667888,  0.99665467,
        0.99663377,  0.99661573,  0.99660013,  0.99658662,  0.99657491,
        0.99656473,  0.99655586,  0.9965481 ,  0.9965413 ,  0.99653532,
        0.99653004,  0.99652536,  0.99652119,  0.99651747,  0.99651412,
        0.99651112,  0.99650839,  0.99650592,  0.99650367,  0.99650161,
        0.99649972,  0.99649797,  0.99649636,  0.99649487,  0.99649348,
        0.99649218,  0.99649097,  0.99648984,  0.99648877,  0.99648777,
        0.99648682,  0.99648592,  0.99648508,  0.99648427,  0.99648351,
        0.99648279,  0.99648209,  0.99648144,  0.99648081,  0.99648021,
        0.99647964,  0.99647909,  0.99647857,  0.99647806,  0.99647758,
        0.99647712,  0.99647667,  0.99647625,  0.99647584,  0.99647544,
        0.99647506,  0.9964747 ,  0.99647435,  0.99647401,  0.99647368,
        0.99647336,  0.99647306,  0.99647277,  0.99647248,  0.99647221,
        0.99647195,  0.99647169,  0.99647144,  0.99647121,  0.99647098,
        0.99647075,  0.99647054,  0.99647033,  0.99647013,  0.99646993,
        0.99646974,  0.99646956,  0.99646938,  0.99646921,  0.99646905,
        0.99646888,  0.99646873,  0.99646858,  0.99646843,  0.99646829,
        0.99646815,  0.99646802,  0.99646789,  0.99646776,  0.99646764,
        0.99646752,  0.9964674 ,  0.99646729,  0.99646718,  0.99646708,
        0.99646698,  0.99646688,  0.99646678,  0.99646669,  0.9964666 ,
        0.99646651,  0.99646642,  0.99646634,  0.99646626,  0.99646618,
        0.9964661 ,  0.99646603,  0.99646596,  0.99646588,  0.99646582,
        0.99646575,  0.99646568,  0.99646562,  0.99646556,  0.9964655 ,
        0.99646544]), array([ 1.12254537,  1.05419258,  1.0474202 ,  1.04077017,  1.03450483,
        1.02912279,  1.02480477,  1.02131529,  1.0183095 ,  1.01556687,
        1.01300928,  1.01062427,  1.00840454,  1.00633616,  1.00441653,
        1.00267034,  1.00114522,  0.99988814,  0.99891881,  0.99821834,
        0.99773827,  0.99741984,  0.99721014,  0.99706938,  0.99697106,
        0.99689887,  0.99684321,  0.99679853,  0.99676161,  0.99673047,
        0.99670386,  0.99668092,  0.996661  ,  0.99664363,  0.99662841,
        0.99661501,  0.99660319,  0.9965927 ,  0.99658336,  0.99657502,
        0.99656754,  0.99656081,  0.99655472,  0.99654921,  0.99654419,
        0.99653962,  0.99653543,  0.99653158,  0.99652804,  0.99652477,
        0.99652175,  0.99651894,  0.99651634,  0.99651391,  0.99651164,
        0.99650952,  0.99650753,  0.99650566,  0.99650391,  0.99650226,
        0.9965007 ,  0.99649923,  0.99649784,  0.99649653,  0.99649528,
        0.9964941 ,  0.99649298,  0.99649191,  0.9964909 ,  0.99648993,
        0.99648901,  0.99648813,  0.99648729,  0.99648649,  0.99648572,
        0.99648499,  0.99648429,  0.99648362,  0.99648297,  0.99648235,
        0.99648176,  0.99648119,  0.99648064,  0.99648012,  0.99647961,
        0.99647913,  0.99647866,  0.99647821,  0.99647777,  0.99647735,
        0.99647695,  0.99647656,  0.99647618,  0.99647582,  0.99647547,
        0.99647513,  0.99647481,  0.99647449,  0.99647419,  0.99647389,
        0.99647361,  0.99647333,  0.99647306,  0.9964728 ,  0.99647255,
        0.99647231,  0.99647208,  0.99647185,  0.99647163,  0.99647141,
        0.99647121,  0.996471  ,  0.99647081,  0.99647062,  0.99647044,
        0.99647026,  0.99647008,  0.99646992,  0.99646975,  0.99646959,
        0.99646944,  0.99646929,  0.99646914,  0.996469  ,  0.99646886,
        0.99646873,  0.9964686 ,  0.99646847,  0.99646835,  0.99646823,
        0.99646811,  0.996468  ,  0.99646789,  0.99646778,  0.99646768,
        0.99646757,  0.99646748,  0.99646738,  0.99646728,  0.99646719,
        0.9964671 ,  0.99646702,  0.99646693,  0.99646685,  0.99646677,
        0.99646669,  0.99646661,  0.99646654,  0.99646646,  0.99646639,
        0.99646632]), array([ 1.13448518,  1.04303006,  1.03650292,  1.02942507,  1.02253125,
        1.01636236,  1.01117239,  1.00703509,  1.00389577,  1.00161366,
        1.00001757,  0.99893841,  0.99822559,  0.99775785,  0.99744702,
        0.99723438,  0.9970832 ,  0.99697138,  0.99688579,  0.9968185 ,
        0.99676459,  0.99672083,  0.996685  ,  0.99665547,  0.99663102,
        0.9966107 ,  0.99659375,  0.99657955,  0.99656761,  0.99655753,
        0.99654896,  0.99654166,  0.9965354 ,  0.99652999,  0.9965253 ,
        0.99652121,  0.99651762,  0.99651444,  0.99651162,  0.9965091 ,
        0.99650683,  0.99650478,  0.99650292,  0.99650122,  0.99649967,
        0.99649823,  0.9964969 ,  0.99649567,  0.99649451,  0.99649344,
        0.99649243,  0.99649148,  0.99649058,  0.99648973,  0.99648893,
        0.99648816,  0.99648744,  0.99648674,  0.99648608,  0.99648545,
        0.99648484,  0.99648426,  0.9964837 ,  0.99648316,  0.99648265,
        0.99648215,  0.99648167,  0.99648121,  0.99648076,  0.99648033,
        0.99647991,  0.99647951,  0.99647912,  0.99647874,  0.99647838,
        0.99647802,  0.99647768,  0.99647734,  0.99647702,  0.99647671,
        0.9964764 ,  0.9964761 ,  0.99647582,  0.99647553,  0.99647526,
        0.996475  ,  0.99647474,  0.99647449,  0.99647424,  0.99647401,
        0.99647377,  0.99647355,  0.99647333,  0.99647311,  0.9964729 ,
        0.9964727 ,  0.9964725 ,  0.99647231,  0.99647212,  0.99647193,
        0.99647176,  0.99647158,  0.99647141,  0.99647124,  0.99647108,
        0.99647092,  0.99647076,  0.99647061,  0.99647046,  0.99647032,
        0.99647018,  0.99647004,  0.9964699 ,  0.99646977,  0.99646964,
        0.99646951,  0.99646939,  0.99646927,  0.99646915,  0.99646904,
        0.99646892,  0.99646881,  0.9964687 ,  0.9964686 ,  0.99646849,
        0.99646839,  0.99646829,  0.9964682 ,  0.9964681 ,  0.99646801,
        0.99646792,  0.99646783,  0.99646774,  0.99646766,  0.99646757,
        0.99646749,  0.99646741,  0.99646733,  0.99646726,  0.99646718,
        0.99646711,  0.99646704,  0.99646696,  0.9964669 ,  0.99646683,
        0.99646676,  0.9964667 ,  0.99646663,  0.99646657,  0.99646651,
        0.99646645]), array([ 1.19268126,  1.04991761,  1.0476173 ,  1.04489704,  1.04135615,
        1.03658907,  1.0303991 ,  1.02313124,  1.01581936,  1.00976801,
        1.00568872,  1.00331541,  1.00195399,  1.0010758 ,  1.00041955,
        0.99987934,  0.9994141 ,  0.99900663,  0.99864841,  0.99833417,
        0.99805989,  0.99782198,  0.99761702,  0.99744161,  0.99729245,
        0.99716634,  0.99706027,  0.99697145,  0.99689734,  0.99683568,
        0.99678448,  0.99674201,  0.99670679,  0.99667756,  0.99665327,
        0.99663303,  0.99661612,  0.99660192,  0.99658996,  0.99657982,
        0.99657117,  0.99656376,  0.99655737,  0.99655181,  0.99654695,
        0.99654267,  0.99653887,  0.99653548,  0.99653244,  0.99652969,
        0.99652719,  0.99652491,  0.99652281,  0.99652088,  0.99651908,
        0.99651741,  0.99651585,  0.99651439,  0.99651301,  0.99651171,
        0.99651047,  0.99650931,  0.9965082 ,  0.99650714,  0.99650612,
        0.99650516,  0.99650423,  0.99650334,  0.99650248,  0.99650166,
        0.99650087,  0.9965001 ,  0.99649936,  0.99649864,  0.99649795,
        0.99649728,  0.99649663,  0.996496  ,  0.99649539,  0.99649479,
        0.99649421,  0.99649365,  0.9964931 ,  0.99649257,  0.99649205,
        0.99649154,  0.99649105,  0.99649057,  0.9964901 ,  0.99648964,
        0.99648919,  0.99648875,  0.99648832,  0.9964879 ,  0.99648749,
        0.99648709,  0.9964867 ,  0.99648631,  0.99648594,  0.99648557,
        0.99648521,  0.99648485,  0.9964845 ,  0.99648416,  0.99648383,
        0.9964835 ,  0.99648318,  0.99648287,  0.99648256,  0.99648226,
        0.99648196,  0.99648167,  0.99648138,  0.9964811 ,  0.99648082,
        0.99648055,  0.99648028,  0.99648002,  0.99647976,  0.99647951,
        0.99647926,  0.99647902,  0.99647878,  0.99647854,  0.99647831,
        0.99647808,  0.99647786,  0.99647764,  0.99647742,  0.99647721,
        0.996477  ,  0.99647679,  0.99647659,  0.99647639,  0.99647619,
        0.996476  ,  0.99647581,  0.99647562,  0.99647544,  0.99647525,
        0.99647508,  0.9964749 ,  0.99647473,  0.99647456,  0.99647439,
        0.99647422,  0.99647406,  0.9964739 ,  0.99647374,  0.99647359,
        0.99647344]), array([ 1.18472623,  1.05459027,  1.05167531,  1.0481149 ,  1.04398508,
        1.03958354,  1.03534844,  1.03162854,  1.02850884,  1.02584686,
        1.02343092,  1.02110256,  1.01879265,  1.01649963,  1.01424683,
        1.01204776,  1.00989707,  1.00778918,  1.00574986,  1.0038545 ,
        1.00220837,  1.00089277,  0.99992069,  0.99923969,  0.99876948,
        0.99843664,  0.99818893,  0.9979941 ,  0.99783374,  0.99769755,
        0.99757959,  0.99747626,  0.99738512,  0.99730441,  0.99723275,
        0.99716899,  0.99711218,  0.99706149,  0.99701619,  0.99697565,
        0.99693931,  0.99690668,  0.99687731,  0.99685084,  0.99682691,
        0.99680523,  0.99678554,  0.99676761,  0.99675123,  0.99673623,
        0.99672246,  0.99670978,  0.99669808,  0.99668724,  0.99667718,
        0.99666783,  0.99665911,  0.99665095,  0.99664332,  0.99663616,
        0.99662942,  0.99662309,  0.99661711,  0.99661146,  0.99660612,
        0.99660106,  0.99659626,  0.9965917 ,  0.99658737,  0.99658325,
        0.99657932,  0.99657558,  0.99657201,  0.99656861,  0.99656535,
        0.99656224,  0.99655926,  0.99655641,  0.99655368,  0.99655106,
        0.99654855,  0.99654614,  0.99654382,  0.9965416 ,  0.99653946,
        0.99653741,  0.99653544,  0.99653354,  0.99653171,  0.99652994,
        0.99652825,  0.99652661,  0.99652503,  0.99652351,  0.99652204,
        0.99652062,  0.99651926,  0.99651793,  0.99651665,  0.99651542,
        0.99651422,  0.99651307,  0.99651195,  0.99651087,  0.99650982,
        0.9965088 ,  0.99650782,  0.99650686,  0.99650594,  0.99650504,
        0.99650417,  0.99650333,  0.99650251,  0.99650171,  0.99650094,
        0.99650019,  0.99649945,  0.99649874,  0.99649805,  0.99649738,
        0.99649673,  0.99649609,  0.99649547,  0.99649487,  0.99649428,
        0.99649371,  0.99649315,  0.9964926 ,  0.99649207,  0.99649155,
        0.99649105,  0.99649056,  0.99649007,  0.9964896 ,  0.99648915,
        0.9964887 ,  0.99648826,  0.99648783,  0.99648741,  0.996487  ,
        0.9964866 ,  0.99648621,  0.99648583,  0.99648546,  0.99648509,
        0.99648473,  0.99648438,  0.99648404,  0.9964837 ,  0.99648337,
        0.99648305]), array([ 1.08308198,  1.05757798,  1.05380206,  1.04745893,  1.03819516,
        1.02800066,  1.02018434,  1.01585982,  1.01382159,  1.01276628,
        1.01207969,  1.01155542,  1.01112549,  1.01076006,  1.01044036,
        1.01015205,  1.00988319,  1.00962333,  1.00936287,  1.00909255,
        1.00880296,  1.00848415,  1.00812523,  1.00771417,  1.00723778,
        1.00668222,  1.00603439,  1.00528454,  1.00443066,  1.00348402,
        1.0024743 ,  1.00145043,  1.00047388,  0.99960397,  0.99888153,
        0.99831963,  0.99790581,  0.9976125 ,  0.99740834,  0.9972658 ,
        0.99716404,  0.9970888 ,  0.99703085,  0.99698445,  0.99694605,
        0.99691346,  0.99688527,  0.99686055,  0.99683863,  0.99681906,
        0.99680146,  0.99678555,  0.99677111,  0.99675793,  0.99674587,
        0.99673478,  0.99672455,  0.99671508,  0.99670629,  0.9966981 ,
        0.99669045,  0.99668328,  0.99667654,  0.9966702 ,  0.99666421,
        0.99665854,  0.99665317,  0.99664806,  0.99664319,  0.99663855,
        0.99663412,  0.99662988,  0.99662581,  0.99662191,  0.99661816,
        0.99661455,  0.99661107,  0.99660772,  0.99660448,  0.99660135,
        0.99659833,  0.9965954 ,  0.99659256,  0.99658981,  0.99658714,
        0.99658456,  0.99658204,  0.9965796 ,  0.99657722,  0.99657491,
        0.99657265,  0.99657046,  0.99656833,  0.99656624,  0.99656422,
        0.99656224,  0.9965603 ,  0.99655842,  0.99655658,  0.99655478,
        0.99655302,  0.99655131,  0.99654963,  0.99654799,  0.99654639,
        0.99654482,  0.99654329,  0.99654179,  0.99654032,  0.99653889,
        0.99653748,  0.9965361 ,  0.99653475,  0.99653343,  0.99653214,
        0.99653087,  0.99652963,  0.99652842,  0.99652723,  0.99652606,
        0.99652492,  0.9965238 ,  0.9965227 ,  0.99652162,  0.99652056,
        0.99651953,  0.99651851,  0.99651752,  0.99651654,  0.99651558,
        0.99651464,  0.99651372,  0.99651282,  0.99651193,  0.99651106,
        0.99651021,  0.99650937,  0.99650855,  0.99650774,  0.99650695,
        0.99650618,  0.99650541,  0.99650467,  0.99650393,  0.99650321,
        0.99650251,  0.99650181,  0.99650113,  0.99650047,  0.99649981,
        0.99649917]), array([ 1.08843182,  1.05604619,  1.05296951,  1.04907598,  1.04424534,
        1.03845867,  1.03187611,  1.02492361,  1.01829094,  1.01271801,
        1.00862768,  1.0059256 ,  1.00419996,  1.00305159,  1.00222866,
        1.00159906,  1.00109459,  1.00067676,  1.00032131,  1.00001187,
        0.9997371 ,  0.99948904,  0.99926209,  0.99905233,  0.99885703,
        0.99867435,  0.99850306,  0.99834242,  0.99819197,  0.99805147,
        0.99792081,  0.99779986,  0.99768853,  0.99758663,  0.99749391,
        0.99741001,  0.99733451,  0.9972669 ,  0.99720664,  0.99715313,
        0.99710575,  0.99706391,  0.997027  ,  0.99699447,  0.99696577,
        0.99694043,  0.99691801,  0.99689809,  0.99688034,  0.99686445,
        0.99685014,  0.9968372 ,  0.99682541,  0.99681463,  0.99680471,
        0.99679552,  0.99678696,  0.99677896,  0.99677144,  0.99676435,
        0.99675762,  0.99675122,  0.99674512,  0.99673928,  0.99673367,
        0.99672828,  0.99672309,  0.99671807,  0.99671322,  0.99670851,
        0.99670395,  0.99669952,  0.99669521,  0.99669102,  0.99668694,
        0.99668296,  0.99667907,  0.99667528,  0.99667158,  0.99666796,
        0.99666442,  0.99666095,  0.99665756,  0.99665424,  0.99665099,
        0.99664781,  0.99664469,  0.99664162,  0.99663862,  0.99663568,
        0.99663279,  0.99662996,  0.99662717,  0.99662444,  0.99662176,
        0.99661913,  0.99661654,  0.996614  ,  0.9966115 ,  0.99660905,
        0.99660664,  0.99660427,  0.99660195,  0.99659966,  0.99659741,
        0.99659519,  0.99659302,  0.99659088,  0.99658878,  0.99658671,
        0.99658468,  0.99658268,  0.99658071,  0.99657877,  0.99657687,
        0.996575  ,  0.99657316,  0.99657134,  0.99656956,  0.99656781,
        0.99656608,  0.99656438,  0.99656271,  0.99656107,  0.99655945,
        0.99655786,  0.9965563 ,  0.99655476,  0.99655324,  0.99655175,
        0.99655028,  0.99654884,  0.99654742,  0.99654602,  0.99654464,
        0.99654329,  0.99654196,  0.99654065,  0.99653936,  0.99653809,
        0.99653685,  0.99653562,  0.99653441,  0.99653322,  0.99653205,
        0.9965309 ,  0.99652977,  0.99652866,  0.99652756,  0.99652648,
        0.99652542]), array([ 1.14452503,  1.05095143,  1.04665652,  1.04139783,  1.03536431,
        1.02913473,  1.02357822,  1.01939353,  1.01668283,  1.01505348,
        1.01403799,  1.01333303,  1.01279261,  1.01235376,  1.01198735,
        1.01167701,  1.01141175,  1.01118335,  1.01098546,  1.01081298,
        1.01066181,  1.01052857,  1.01041044,  1.01030499,  1.0102101 ,
        1.01012384,  1.01004443,  1.00997018,  1.0098994 ,  1.00983039,
        1.00976139,  1.00969051,  1.00961568,  1.00953458,  1.00944452,
        1.00934239,  1.00922446,  1.00908625,  1.00892231,  1.00872595,
        1.008489  ,  1.00820151,  1.00785156,  1.00742535,  1.00690779,
        1.00628424,  1.00554389,  1.00468535,  1.00372378,  1.00269682,
        1.00166412,  1.00069605,  0.99985378,  0.99917117,  0.99864946,
        0.99826602,  0.99798855,  0.9977863 ,  0.99763519,  0.99751845,
        0.99742508,  0.99734815,  0.99728323,  0.9972275 ,  0.99717904,
        0.99713649,  0.99709887,  0.9970654 ,  0.99703547,  0.99700859,
        0.99698435,  0.99696238,  0.99694241,  0.99692417,  0.99690745,
        0.99689206,  0.99687786,  0.99686469,  0.99685244,  0.99684102,
        0.99683032,  0.99682028,  0.99681082,  0.99680189,  0.99679343,
        0.9967854 ,  0.99677776,  0.99677048,  0.99676353,  0.99675687,
        0.99675049,  0.99674436,  0.99673846,  0.99673277,  0.99672729,
        0.996722  ,  0.99671688,  0.99671192,  0.99670711,  0.99670245,
        0.99669793,  0.99669353,  0.99668925,  0.99668509,  0.99668104,
        0.99667708,  0.99667323,  0.99666947,  0.9966658 ,  0.99666222,
        0.99665872,  0.9966553 ,  0.99665195,  0.99664867,  0.99664547,
        0.99664233,  0.99663925,  0.99663624,  0.99663329,  0.9966304 ,
        0.99662756,  0.99662478,  0.99662205,  0.99661938,  0.99661675,
        0.99661417,  0.99661164,  0.99660916,  0.99660672,  0.99660432,
        0.99660197,  0.99659965,  0.99659738,  0.99659515,  0.99659296,
        0.9965908 ,  0.99658868,  0.9965866 ,  0.99658455,  0.99658254,
        0.99658056,  0.99657861,  0.9965767 ,  0.99657482,  0.99657297,
        0.99657115,  0.99656936,  0.9965676 ,  0.99656587,  0.99656416,
        0.99656249]), array([ 1.17494707,  1.05138496,  1.04979301,  1.04805633,  1.04608385,
        1.04380554,  1.04119884,  1.03830254,  1.0352049 ,  1.0320021 ,
        1.02874955,  1.02544012,  1.02202369,  1.01845855,  1.01477616,
        1.01112591,  1.00775311,  1.00490061,  1.00270134,  1.00114065,
        1.00009808,  0.99941975,  0.99897235,  0.99866284,  0.99843445,
        0.99825521,  0.99810772,  0.99798244,  0.9978739 ,  0.99777872,
        0.99769462,  0.99761994,  0.99755336,  0.99749381,  0.99744039,
        0.99739233,  0.99734895,  0.9973097 ,  0.99727406,  0.99724159,
        0.99721193,  0.99718474,  0.99715974,  0.99713667,  0.99711533,
        0.99709553,  0.9970771 ,  0.99705991,  0.99704381,  0.99702872,
        0.99701454,  0.99700117,  0.99698855,  0.99697661,  0.9969653 ,
        0.99695456,  0.99694436,  0.99693464,  0.99692537,  0.99691652,
        0.99690807,  0.99689998,  0.99689223,  0.9968848 ,  0.99687767,
        0.99687082,  0.99686424,  0.99685791,  0.99685181,  0.99684594,
        0.99684029,  0.99683483,  0.99682956,  0.99682447,  0.99681956,
        0.99681481,  0.99681022,  0.99680577,  0.99680147,  0.9967973 ,
        0.99679326,  0.99678935,  0.99678555,  0.99678187,  0.99677829,
        0.99677482,  0.99677144,  0.99676817,  0.99676498,  0.99676188,
        0.99675886,  0.99675592,  0.99675306,  0.99675027,  0.99674756,
        0.99674491,  0.99674233,  0.99673981,  0.99673735,  0.99673494,
        0.9967326 ,  0.9967303 ,  0.99672806,  0.99672587,  0.99672372,
        0.99672162,  0.99671957,  0.99671756,  0.99671559,  0.99671365,
        0.99671176,  0.9967099 ,  0.99670808,  0.99670629,  0.99670453,
        0.9967028 ,  0.99670111,  0.99669944,  0.9966978 ,  0.99669619,
        0.99669461,  0.99669305,  0.99669151,  0.99669   ,  0.99668851,
        0.99668704,  0.99668559,  0.99668417,  0.99668276,  0.99668137,
        0.99668   ,  0.99667865,  0.99667731,  0.99667599,  0.99667469,
        0.9966734 ,  0.99667213,  0.99667087,  0.99666963,  0.99666839,
        0.99666718,  0.99666597,  0.99666478,  0.99666359,  0.99666242,
        0.99666126,  0.99666011,  0.99665897,  0.99665785,  0.99665673,
        0.99665561])]

