[  0.00000000e+00   1.54449355e-14   2.28324859e-14   2.70487905e-14
   3.35939747e-14   4.16910461e-14   3.87024221e-14   4.45198009e-14
   4.52477087e-14   3.81766921e-14   4.42099640e-14   4.51292553e-14
   3.74857350e-14   3.29178314e-14   3.66660556e-14   4.73923607e-14
   4.93125877e-14   5.45647322e-14   5.34173976e-14   5.44255355e-14
   5.38489281e-14   6.06189047e-14   6.93146754e-14   7.16651345e-14
   7.10289944e-14   7.42772024e-14   7.17537918e-14   7.51634781e-14
   7.70399266e-14   8.88066779e-14   8.56978821e-14   8.12290912e-14
   8.24575077e-14   8.55154036e-14   8.84677477e-14   8.60985104e-14
   9.33596908e-14   9.05199174e-14   9.62507337e-14   9.02814923e-14
   8.23782781e-14   8.79868938e-14   8.61220124e-14   9.45622495e-14
   9.33530550e-14   9.16265817e-14   8.67391945e-14   7.70054328e-14
   7.84097500e-14   8.68089957e-14   8.87268238e-14]
