[  0.00000000e+00   2.79560497e-15   3.81674672e-15   3.79864508e-15
   4.33590886e-15   3.91915432e-15   4.22411028e-15   4.18651308e-15
   4.69394852e-15   4.51922332e-15   4.84123609e-15   5.07412980e-15
   5.67001320e-15   6.91693273e-15   6.98531210e-15   6.12290922e-15
   6.25123993e-15   7.11447693e-15   6.56534638e-15   6.53870150e-15
   7.54520913e-15   7.43234828e-15   7.85979339e-15   8.29359706e-15
   8.37600589e-15   8.79018993e-15   8.78279032e-15   9.17123821e-15
   8.57425534e-15   9.71652235e-15   1.00646101e-14   1.14125314e-14
   1.09712913e-14   1.01643287e-14   1.02795731e-14   1.05879954e-14
   1.15969335e-14   1.20758780e-14   1.13995610e-14   1.12596852e-14
   1.07689760e-14   1.03189343e-14   1.03342106e-14   9.33028623e-15
   1.04494438e-14   1.13769034e-14   1.21725356e-14   1.20303963e-14
   1.22392011e-14   1.26802065e-14   1.35490536e-14]
