train [[ 0.          0.          0.          0.          0.          0.          0.
   0.          0.          0.          0.          0.          0.          0.
   0.          0.          0.          0.          0.          0.          0.
   0.          0.          0.          0.          0.          0.          0.
   0.          0.          0.          0.          0.          0.          0.
   0.          0.          0.          0.          0.          0.          0.
   0.          0.          0.          0.          0.          0.          0.
   0.          0.          0.          0.          0.          0.          0.
   0.          0.          0.          0.          0.          0.          0.
   0.          0.          0.          0.          0.          0.          0.
   0.          0.          0.          0.          0.          0.          0.
   0.          0.          0.          0.          0.          0.          0.
   0.          0.          0.          0.          0.          0.          0.
   0.          0.          0.          0.          0.          0.          0.
   0.          0.          0.        ]
 [ 0.          0.          0.          0.          0.          0.          0.
   0.          0.          0.          0.          0.          0.          0.
   0.          0.          0.          0.          0.          0.          0.
   0.          0.          0.          0.          0.          0.          0.
   0.          0.          0.          0.          0.          0.          0.
   0.          0.          0.          0.          0.          0.          0.
   0.          0.          0.          0.          0.          0.          0.
   0.          0.          0.          0.          0.          0.          0.
   0.          0.          0.          0.          0.          0.          0.
   0.          0.          0.          0.          0.          0.          0.
   0.          0.          0.          0.          0.          0.          0.
   0.          0.          0.          0.          0.          0.          0.
   0.          0.          0.          0.          0.          0.          0.
   0.          0.          0.          0.          0.          0.          0.
   0.          0.          0.        ]
 [ 7.1914632   6.05486546  6.04846288  6.0426277   6.03677737  6.03081244
   6.02464207  6.01817403  6.01132683  6.00405249  5.99635668  5.98830375
   5.98000018  5.97156449  5.963101    5.95468842  5.94638003  5.93820715
   5.93018133  5.92229573  5.91452707  5.90683899  5.89918657  5.89152127
   5.88379555  5.87596681  5.8680006   5.8598731   5.85157328  5.84310445
   5.83448545  5.8257508   5.81694967  5.80814275  5.79939725  5.79077998
   5.78234994  5.77415189  5.76621224  5.75853785  5.75111706  5.74392171
   5.73690874  5.73002057  5.72318367  5.71630627  5.70927757  5.70197549
   5.6942962   5.68621992  5.67789778  5.66967049  5.66193911  5.65497755
   5.64882804  5.64329093  5.63794912  5.63230519  5.62632518  5.62058946
   5.61516179  5.6092791   5.60195821  5.59266009  5.58192104  5.57096019
   5.56095179  5.55292359  5.54710899  5.54293023  5.53965153  5.53663761
   5.53329712  5.52897524  5.52289687  5.51432941  5.50325073  5.49094841
   5.47904463  5.46822714  5.45854331  5.45002947  5.44281676  5.43691739
   5.43206357  5.42788352  5.42407843  5.42033611  5.41633922  5.41195389
   5.40735789  5.40290909  5.39882723  5.39504544  5.39137912  5.38781568
   5.38458917  5.38199054  5.38013143  5.37889327  5.37807224]
 [ 6.54659152  5.99518227  5.96986697  5.94630934  5.91977932  5.88929064
   5.85537538  5.81952936  5.78351314  5.74910175  5.7175883   5.68928956
   5.66374742  5.64028614  5.6184529   5.59813155  5.57933395  5.56192787
   5.54549036  5.52933266  5.51267636  5.49484228  5.47538359  5.45423178
   5.43209256  5.41075517  5.39189911  5.37584114  5.36209875  5.35019395
   5.33979565  5.33059115  5.32223585  5.31440643  5.30686049  5.29944926
   5.29207737  5.2846098   5.27679991  5.26853414  5.26019997  5.25206259
   5.2438503   5.2351912   5.22578888  5.21541376  5.20392288  5.19129123
   5.17759715  5.16300206  5.14790459  5.13320174  5.12009265  5.10938915
   5.10115586  5.09497013  5.09031311  5.08676053  5.08400556  5.08182642
   5.08005365  5.07854458  5.07715495  5.07569357  5.0738561   5.07119337
   5.06729356  5.06229442  5.05699852  5.05207921  5.04794449  5.0447573
   5.04230892  5.04032189  5.03861496  5.03707997  5.03564144  5.03423967
   5.03282711  5.03136793  5.029838    5.02822575  5.0265348   5.02478803
   5.02303113  5.02133161  5.01976877  5.01841433  5.01731061  5.01645841
   5.01582178  5.01534551  5.01497373  5.01466154  5.01437846  5.01410679
   5.01383836  5.01357128  5.01330715  5.01304901  5.01279984]
 [ 6.87643039  5.94185671  5.88812576  5.84466099  5.79979695  5.75168467
   5.69951987  5.64346708  5.58498237  5.52679146  5.47195643  5.42243745
   5.37867941  5.34037544  5.30712054  5.27846064  5.2537125   5.23194833
   5.21231235  5.19439839  5.17808504  5.16317571  5.14934762  5.13616576
   5.12315021  5.10995481  5.09641554  5.08239743  5.06782927  5.05287718
   5.0378404   5.02296513  5.00865343  4.99563781  4.98443892  4.97498283
   4.96692507  4.95993269  4.95374267  4.94812361  4.94281391  4.93751493
   4.9320385   4.92652335  4.92133191  4.91669298  4.91261474  4.9090222
   4.90584502  4.9030291   4.90052827  4.89830008  4.89630601  4.89451137
   4.89288247  4.89138398  4.88998027  4.88864018  4.88734167  4.88607683
   4.88485858  4.88372295  4.88271448  4.88185909  4.881152    4.88057015
   4.88008901  4.87968918  4.8793559   4.87907733  4.87884355  4.87864622
   4.87847835  4.87833424  4.87820927  4.87809973  4.87800271  4.87791587
   4.87783741  4.87776589  4.87770015  4.87763931  4.87758263  4.87752953
   4.87747952  4.87743221  4.87738727  4.87734441  4.87730341  4.87726405
   4.87722617  4.8771896   4.8771542   4.87711985  4.87708645  4.87705389
   4.87702207  4.87699093  4.87696038  4.87693035  4.87690077]
 [ 6.34370056  5.84339512  5.73738916  5.6488285   5.56800755  5.49600513
   5.43435641  5.38256484  5.33865275  5.30034948  5.2657503   5.23359942
   5.20327566  5.17452358  5.14721     5.1212204   5.09658529  5.07365594
   5.052862    5.03437442  5.0180264   5.00329907  4.98934021  4.9755959
   4.96239577  4.949701    4.93706543  4.92418242  4.91091797  4.89733999
   4.88379976  4.87089525  4.85921042  4.84908896  4.84060016  4.83358699
   4.82777077  4.82288732  4.818775    4.81536501  4.81259968  4.81038007
   4.80858848  4.80712459  4.80591401  4.8049017   4.80404529  4.80331132
   4.80267321  4.80210991  4.80160483  4.80114499  4.80072026  4.80032275
   4.79994635  4.79958629  4.79923886  4.79890121  4.79857109  4.79824682
   4.7979271   4.79761101  4.79729794  4.79698754  4.79667971  4.79637456
   4.79607241  4.79577372  4.79547906  4.79518911  4.79490453  4.79462602
   4.7943542   4.79408963  4.79383276  4.79358394  4.79334339  4.79311123
   4.79288745  4.79267199  4.79246466  4.79226526  4.7920735   4.79188908
   4.79171166  4.79154091  4.79137646  4.79121798  4.79106511  4.79091752
   4.79077489  4.79063692  4.79050331  4.79037378  4.79024808  4.79012597
   4.79000722  4.78989161  4.78977895  4.78966905  4.78956175]
 [ 6.51062972  5.84664337  5.76149926  5.6791098   5.59774617  5.52012032
   5.44837571  5.38379647  5.32665212  5.27660146  5.23288415  5.1941813
   5.15895808  5.12601406  5.09498478  5.06633359  5.04052706  5.01736722
   4.99617552  4.97635072  4.95778564  4.94076955  4.92552506  4.91199395
   4.89993396  4.88900698  4.87881109  4.86904444  4.8597417   4.85108334
   4.84310501  4.83576117  4.82900845  4.8228155   4.8171536   4.81198539
   4.8072602   4.8029183   4.79890075  4.79516012  4.79166758  4.78841467
   4.78541026  4.7826713   4.7802075   4.77800884  4.77604607  4.77428138
   4.77267885  4.77120915  4.76984997  4.76858462  4.76740056  4.76628814
   4.76523976  4.76424934  4.76331197  4.76242365  4.76158111  4.76078173
   4.76002329  4.75930392  4.75862196  4.75797582  4.75736397  4.75678488
   4.75623698  4.75571868  4.75522839  4.75476452  4.7543255   4.75390981
   4.75351601  4.7531427   4.75278857  4.75245242  4.75213309  4.75182953
   4.75154077  4.75126589  4.75100406  4.75075452  4.75051653  4.75028945
   4.75007265  4.74986557  4.74966765  4.7494784   4.74929734  4.74912403
   4.74895803  4.74879895  4.74864639  4.7485      4.74835942  4.74822433
   4.7480944   4.74796934  4.74784885  4.74773266  4.7476205 ]
 [ 6.39522449  5.88209434  5.79292197  5.70264966  5.61328136  5.52762714
   5.44742887  5.3737753   5.30734139  5.24854322  5.19733268  5.15315325
   5.11512691  5.08224664  5.05350435  5.02803109  5.00517554  4.98440002
   4.96519494  4.94709715  4.92971241  4.91278634  4.89635414  4.88074996
   4.866362    4.85342401  4.84197876  4.83190119  4.8229465   4.81485543
   4.80746019  4.80068876  4.79449209  4.7888135   4.78360348  4.77881169
   4.77436662  4.77018159  4.76618029  4.76231631  4.75857785  4.75498641
   4.75159861  4.74849381  4.74572465  4.74327638  4.74108606  4.73908421
   4.73721689  4.73544896  4.73375971  4.73213649  4.73056827  4.72904076
   4.72753411  4.72602386  4.72448459  4.72289599  4.72125     4.71955657
   4.71784446  4.71615693  4.71454449  4.71305503  4.71172164  4.71055288
   4.709532    4.70862709  4.70780706  4.70705452  4.70636759  4.7057501
   4.7052006   4.70470968  4.70426428  4.70385224  4.7034642   4.70309361
   4.70273599  4.7023883   4.70204835  4.70171453  4.70138555  4.70106039
   4.70073815  4.70041808  4.70009955  4.69978201  4.69946502  4.69914826
   4.69883154  4.69851478  4.69819802  4.69788142  4.69756526  4.6972499
   4.69693575  4.69662324  4.69631285  4.69600497  4.69569998]
 [ 6.28606381  5.86677891  5.78580653  5.69806651  5.60134349  5.50493097
   5.41711952  5.34004221  5.2731195   5.21636489  5.16944272  5.13086
   5.09874761  5.07139231  5.04731963  5.02527931  5.00425232  4.98349048
   4.96265866  4.94206017  4.922302    4.90371782  4.88644923  4.87060369
   4.85623863  4.84334307  4.83186513  4.8217184   4.81275988  4.80481039
   4.79770532  4.79131498  4.78553475  4.78027377  4.77545066  4.77099387
   4.76684591  4.76296976  4.75935056  4.75598319  4.75285024  4.74991035
   4.7471064   4.74438068  4.74168485  4.73898333  4.73625374  4.73348667
   4.73068518  4.72786427  4.72505036  4.72228081  4.71960221  4.71706516
   4.71471455  4.7125786   4.71066265  4.70895107  4.70741533  4.70602294
   4.70474378  4.70355292  4.70243091  4.70136292  4.70033732  4.69934423
   4.69837355  4.69741166  4.69643418  4.69538989  4.69417241  4.69260892
   4.69058193  4.688268    4.68603292  4.68408312  4.68243355  4.68103042
   4.67981561  4.67874128  4.67777036  4.67687557  4.67603815  4.67524582
   4.67449056  4.67376666  4.67306942  4.6723945   4.67173784  4.67109571
   4.67046495  4.66984305  4.6692282   4.6686192   4.66801537  4.66741635
   4.66682191  4.66623175  4.66564548  4.66506254  4.66448233]]
test [[ 0.          0.          0.          0.          0.          0.          0.
   0.          0.          0.          0.          0.          0.          0.
   0.          0.          0.          0.          0.          0.          0.
   0.          0.          0.          0.          0.          0.          0.
   0.          0.          0.          0.          0.          0.          0.
   0.          0.          0.          0.          0.          0.          0.
   0.          0.          0.          0.          0.          0.          0.
   0.          0.          0.          0.          0.          0.          0.
   0.          0.          0.          0.          0.          0.          0.
   0.          0.          0.          0.          0.          0.          0.
   0.          0.          0.          0.          0.          0.          0.
   0.          0.          0.          0.          0.          0.          0.
   0.          0.          0.          0.          0.          0.          0.
   0.          0.          0.          0.          0.          0.          0.
   0.          0.          0.        ]
 [ 0.          0.          0.          0.          0.          0.          0.
   0.          0.          0.          0.          0.          0.          0.
   0.          0.          0.          0.          0.          0.          0.
   0.          0.          0.          0.          0.          0.          0.
   0.          0.          0.          0.          0.          0.          0.
   0.          0.          0.          0.          0.          0.          0.
   0.          0.          0.          0.          0.          0.          0.
   0.          0.          0.          0.          0.          0.          0.
   0.          0.          0.          0.          0.          0.          0.
   0.          0.          0.          0.          0.          0.          0.
   0.          0.          0.          0.          0.          0.          0.
   0.          0.          0.          0.          0.          0.          0.
   0.          0.          0.          0.          0.          0.          0.
   0.          0.          0.          0.          0.          0.          0.
   0.          0.          0.        ]
 [ 7.13168393  6.20189935  6.200425    6.19692864  6.19336246  6.18974776
   6.18604659  6.18221634  6.17821016  6.17398604  6.16951906  6.16480971
   6.15988327  6.15478036  6.14954448  6.14421282  6.13881224  6.13335845
   6.12785645  6.12230134  6.11667977  6.11097216  6.10515532  6.09920537
   6.09310031  6.08682229  6.08035959  6.07370835  6.06687428  6.05987425
   6.0527376   6.04550667  6.038236    6.03098958  6.02383587  6.01684105
   6.01006171  6.00353902  5.99729603  5.99133876  5.98565979  5.98024245
   5.97506355  5.97009419  5.96529973  5.96064213  5.95608893  5.95163143
   5.94730816  5.94322184  5.93953193  5.93639476  5.93384387  5.93169195
   5.92955773  5.92700963  5.92378672  5.92000911  5.91641454  5.91382802
   5.9119639   5.90978076  5.90638165  5.90143109  5.89551598  5.88973207
   5.88504011  5.88232919  5.88179162  5.8827944   5.88454252  5.88639827
   5.88785625  5.88844663  5.88766128  5.88504544  5.88078845  5.87634474
   5.8734624   5.87279497  5.87415401  5.87720468  5.88165976  5.88710481
   5.89290576  5.89847675  5.90344415  5.90753431  5.91061712  5.91284816
   5.91462453  5.91637642  5.91838584  5.92081932  5.92396776  5.92838857
   5.93461744  5.94268863  5.95203708  5.96189098  5.97168516]
 [ 6.56845     6.16166713  6.13787089  6.11833152  6.09615151  6.06964024
   6.03880826  6.00505354  5.97045173  5.93711025  5.90657548  5.87943963
   5.85549114  5.83415588  5.81485734  5.79716686  5.78077149  5.76537977
   5.75065372  5.73620656  5.72168974  5.70691089  5.69190967  5.67701269
   5.6631006   5.65190494  5.64483839  5.64155475  5.64068219  5.64095372
   5.6415132   5.64184165  5.64165835  5.6408367   5.639325    5.63709042
   5.63410679  5.63037543  5.62606915  5.62199506  5.61930979  5.61780457
   5.61630461  5.61414141  5.61122688  5.60773412  5.60395247  5.60024419
   5.59701332  5.59467627  5.59370877  5.59476998  5.59850553  5.60489986
   5.61303657  5.62162621  5.62961148  5.63639514  5.64177711  5.64580341
   5.64864008  5.6504976   5.65159367  5.6521396   5.65235454  5.6525581
   5.65340958  5.6560806   5.66165222  5.67021069  5.68110475  5.69320827
   5.70536263  5.71698273  5.72799514  5.73852496  5.74871799  5.75869695
   5.76856694  5.77842525  5.78836515  5.79847546  5.80883765  5.81952061
   5.83057219  5.84200703  5.85379307  5.86584253  5.87801616  5.89014599
   5.90207111  5.9136709   5.92488096  5.93568926  5.94612032  5.95621772
   5.96603051  5.97560496  5.98498044  5.99418793  6.00325017]
 [ 6.49367701  6.0318228   6.0286419   6.0006596   5.9644458   5.92344039
   5.87830217  5.8296965   5.77900132  5.72831527  5.67992553  5.63555804
   5.59604129  5.56153545  5.53192707  5.50700524  5.48636299  5.46935054
   5.45527374  5.44363602  5.4341163   5.42642595  5.4202644   5.41531933
   5.41134024  5.40825393  5.40613482  5.40506584  5.4051406   5.40642525
   5.40871735  5.41156717  5.41469101  5.41816745  5.4221093   5.42634109
   5.43056201  5.43457372  5.43830773  5.44176451  5.44496938  5.44799246
   5.45103387  5.45444644  5.45853549  5.46336429  5.46883949  5.47486498
   5.48137445  5.48829881  5.49554213  5.50298062  5.51047505  5.5178898
   5.5251198   5.53212214  5.53893566  5.54567334  5.55249114  5.5595452
   5.56694236  5.57469111  5.58268476  5.59075207  5.59874363  5.60657568
   5.61421713  5.62166199  5.62891267  5.63597438  5.64285418  5.64956111
   5.65610585  5.66250019  5.66875628  5.67488601  5.68090057  5.68681019
   5.69262404  5.69835026  5.70399602  5.70956765  5.71507073  5.72051021
   5.72589054  5.73121573  5.73648942  5.74171496  5.74689545  5.75203376
   5.75713256  5.76219438  5.76722157  5.77221634  5.77718079  5.78211687
   5.78702643  5.7919112   5.79677279  5.80161272  5.80643238]
 [ 6.10589105  5.95518486  5.9055618   5.83579638  5.76558411  5.7015531
   5.64637235  5.59984095  5.560392    5.52626604  5.49594612  5.46831496
   5.44275383  5.41907627  5.39731521  5.3775752   5.36004475  5.34507953
   5.33312155  5.3244262   5.31887414  5.3159832   5.31508057  5.31590507
   5.31903926  5.32449995  5.33166793  5.34004808  5.34941688  5.35982287
   5.37148298  5.38456984  5.3989509   5.41412197  5.42941067  5.44423385
   5.45826991  5.47151188  5.48410239  5.49607273  5.50727241  5.51750518
   5.52666992  5.53477563  5.54189299  5.5481175   5.55355189  5.55829765
   5.56245031  5.56609659  5.56931291  5.57216494  5.5747081   5.57698849
   5.57904428  5.58090709  5.58260326  5.58415501  5.58558133  5.5868987
   5.58812152  5.58926254  5.59033309  5.59134323  5.59230189  5.59321698
   5.59409545  5.59494341  5.59576618  5.5965684   5.59735408  5.5981267
   5.59888928  5.59964446  5.60039452  5.6011415   5.60188718  5.60263315
   5.60338082  5.60413142  5.604886    5.60564536  5.60640997  5.60717984
   5.60795437  5.60873224  5.60951148  5.61028977  5.61106498  5.61183569
   5.61260122  5.61336125  5.61411513  5.61486156  5.6155987   5.61632456
   5.61703743  5.61773624  5.6184214   5.61909571  5.61976472]
 [ 6.19334889  5.97772712  5.9286666   5.86009916  5.78472613  5.70846672
   5.63638526  5.57169384  5.51558825  5.4679367   5.42780063  5.39373099
   5.36417328  5.33798722  5.31510053  5.29653991  5.28310444  5.27438092
   5.26932675  5.267223    5.26792988  5.27136247  5.27696641  5.2838576
   5.29124331  5.29863591  5.30585689  5.31294846  5.32001772  5.3270494
   5.33398263  5.34084721  5.34771945  5.35466423  5.36171874  5.3688955
   5.37619375  5.38361398  5.39116914  5.39888667  5.40679973  5.41493096
   5.42327463  5.43178336  5.44036622  5.44890186  5.45726175  5.46533145
   5.47302012  5.4802778   5.48713776  5.49368841  5.50000027  5.50611122
   5.51203948  5.51779249  5.52337108  5.52877251  5.53399389  5.53903524
   5.54390044  5.54859637  5.55313151  5.55751508  5.56175644  5.56586474
   5.56984836  5.57371466  5.5774701   5.58112041  5.58467096  5.58812691
   5.59149339  5.59477555  5.59797853  5.60110745  5.6041673   5.60716296
   5.61009906  5.61297995  5.61580973  5.61859216  5.62133072  5.62402859
   5.62668868  5.6293136   5.63190576  5.6344673   5.63700018  5.63950614
   5.64198673  5.64444334  5.6468772   5.64928937  5.65168079  5.65405226
   5.65640446  5.65873796  5.66105326  5.66335075  5.66563077]
 [ 6.15696641  5.99761619  5.94412237  5.86960195  5.79031961  5.71113927
   5.63515634  5.56481424  5.50191472  5.44745369  5.40153621  5.36362577
   5.33292929  5.30860462  5.28981012  5.27578669  5.26591185  5.2596097
   5.25629648  5.25544413  5.25667068  5.25981918  5.2649376   5.27207768
   5.28107201  5.29150986  5.30285809  5.31460139  5.32643823  5.33833677
   5.35033122  5.36238404  5.37437059  5.38615229  5.39765617  5.40888928
   5.41986505  5.43057454  5.44101533  5.45120912  5.46119835  5.47102579
   5.48068931  5.49007848  5.49895969  5.50706998  5.51423556  5.52040407
   5.52561048  5.52993799  5.53349547  5.53640644  5.53880115  5.5408087
   5.54255052  5.5441377   5.54567073  5.54723807  5.54891115  5.55073785
   5.55274029  5.55492012  5.55726443  5.55974306  5.56229921  5.56484646
   5.56728289  5.56951667  5.5714869   5.57316708  5.57455359  5.57565361
   5.57648282  5.57706881  5.57745031  5.57767075  5.57777095  5.57778483
   5.57773848  5.57765115  5.57753691  5.57740622  5.57726713  5.57712622
   5.57698919  5.57686124  5.57674735  5.57665239  5.57658124  5.57653875
   5.57652972  5.5765588   5.57663037  5.57674837  5.57691613  5.5771362
   5.57741024  5.57773893  5.57812196  5.57855804  5.57904505]
 [ 6.06978345  5.99932934  5.95750391  5.88180975  5.79194717  5.69843625
   5.61043084  5.5326439   5.46654313  5.41248545  5.369829    5.33704055
   5.31226963  5.29371574  5.27979635  5.26921811  5.26100414  5.25451183
   5.2495252   5.24647003  5.246125    5.24884876  5.25451515  5.26277651
   5.27315703  5.28508195  5.29792285  5.31106802  5.32403222  5.33655619
   5.3485735   5.36008407  5.3710855   5.3815719   5.39154105  5.40098786
   5.40989296  5.41821389  5.42588103  5.4328066   5.43891612  5.44418998
   5.44868328  5.45251089  5.45581609  5.45874414  5.46142785  5.46398238
   5.46650523  5.46907851  5.47177201  5.47464497  5.47774371  5.48109281
   5.48468172  5.48845537  5.49231848  5.49615626  5.49986219  5.50336007
   5.50661319  5.5096209   5.51240792  5.51501205  5.51747436  5.51983292
   5.52211957  5.52435886  5.52656818  5.52875923  5.5309477   5.53319258
   5.5356665   5.5386076   5.54204897  5.54578492  5.54960381  5.55337685
   5.55703055  5.5605114   5.56377755  5.56680357  5.56958219  5.57212056
   5.57443498  5.57654713  5.57848198  5.58026648  5.58192823  5.58349377
   5.58498723  5.5864293   5.58783697  5.58922363  5.5905996   5.5919729
   5.59334998  5.59473664  5.59613871  5.59756264  5.59901572]]

