train [[ 0.          0.          0.          0.          0.          0.          0.
   0.          0.          0.          0.          0.          0.          0.
   0.          0.          0.          0.          0.          0.          0.
   0.          0.          0.          0.          0.          0.          0.
   0.          0.          0.          0.          0.          0.          0.
   0.          0.          0.          0.          0.          0.          0.
   0.          0.          0.          0.          0.          0.          0.
   0.          0.          0.          0.          0.          0.          0.
   0.          0.          0.          0.          0.          0.          0.
   0.          0.          0.          0.          0.          0.          0.
   0.          0.          0.          0.          0.          0.          0.
   0.          0.          0.          0.          0.          0.          0.
   0.          0.          0.          0.          0.          0.          0.
   0.          0.          0.          0.          0.          0.          0.
   0.          0.          0.        ]
 [ 0.          0.          0.          0.          0.          0.          0.
   0.          0.          0.          0.          0.          0.          0.
   0.          0.          0.          0.          0.          0.          0.
   0.          0.          0.          0.          0.          0.          0.
   0.          0.          0.          0.          0.          0.          0.
   0.          0.          0.          0.          0.          0.          0.
   0.          0.          0.          0.          0.          0.          0.
   0.          0.          0.          0.          0.          0.          0.
   0.          0.          0.          0.          0.          0.          0.
   0.          0.          0.          0.          0.          0.          0.
   0.          0.          0.          0.          0.          0.          0.
   0.          0.          0.          0.          0.          0.          0.
   0.          0.          0.          0.          0.          0.          0.
   0.          0.          0.          0.          0.          0.          0.
   0.          0.          0.        ]
 [ 4.03909775  3.63505904  3.62886442  3.6260426   3.62335354  3.62097059
   3.61883931  3.61680892  3.61477888  3.61269618  3.61053136  3.60826489
   3.60588087  3.60336435  3.60070048  3.59787482  3.59487423  3.59168774
   3.58830672  3.58472477  3.58093758  3.5769429   3.5727406   3.56833306
   3.56372576  3.55892778  3.55395207  3.54881562  3.54353937  3.5381482
   3.53267084  3.52713988  3.52159181  3.5160672   3.51061061  3.50527042
   3.50009797  3.49514612  3.49046682  3.48610801  3.48210983  3.4785008
   3.47529447  3.4724873   3.47005813  3.46796962  3.46617111  3.4646027
   3.46319969  3.46189693  3.46063297  3.45935371  3.45801554  3.45658743
   3.45505132  3.45340086  3.45163918  3.44977694  3.44783137  3.44582587
   3.44378888  3.44175142  3.43974377  3.43779252  3.43591882  3.43413797
   3.43245984  3.43088968  3.429429    3.4280765   3.42682886  3.42568152
   3.42462926  3.42366666  3.42278833  3.421989    3.42126359  3.42060707
   3.42001447  3.41948083  3.41900121  3.41857074  3.41818465  3.41783832
   3.41752737  3.41724768  3.4169954   3.416767    3.41655925  3.41636921
   3.41619422  3.41603187  3.41588     3.41573665  3.41560003  3.4154685
   3.41534054  3.41521474  3.41508972  3.41496415  3.41483671]
 [ 3.82983938  3.60073123  3.58761696  3.57658462  3.56576223  3.55534253
   3.54542553  3.5358641   3.52640723  3.51684441  3.50705805  3.4970069
   3.48668769  3.47610298  3.46524409  3.45408822  3.44260315  3.43075408
   3.41852268  3.40595172  3.39313827  3.38015094  3.36704007  3.35391321
   3.34096498  3.32843306  3.31650282  3.30524079  3.29461296  3.28455313
   3.27501632  3.26599339  3.25750054  3.24956233  3.24219716  3.23540755
   3.22917507  3.22345998  3.21820566  3.21334738  3.208823    3.20458216
   3.20059079  3.19683029  3.1932927   3.18997423  3.18686941  3.18396756
   3.18125277  3.17870801  3.17632152  3.17409263  3.17203453  3.1701706
   3.16852347  3.16710239  3.1658973   3.16488215  3.16402271  3.16328324
   3.16262957  3.16203062  3.16146246  3.16091565  3.16039812  3.15992503
   3.15950372  3.15912917  3.15878919  3.15847036  3.15816062  3.15784953
   3.15752744  3.15718462  3.15681038  3.15639221  3.15591484  3.15535929
   3.15470186  3.15391349  3.15296062  3.15180964  3.15043845  3.14885562
   3.14711768  3.14532604  3.14359761  3.14202869  3.1406749   3.13955175
   3.13864661  3.13793229  3.13737687  3.1369495   3.13662292  3.13637434
   3.13618539  3.13604159  3.13593178  3.13584743  3.13578216]
 [ 3.85522472  3.58039351  3.56085035  3.54207556  3.5211737   3.49806634
   3.47363554  3.44880545  3.42425196  3.40064502  3.37855499  3.35821983
   3.33952858  3.32217782  3.30583083  3.29019575  3.27504216  3.26019923
   3.24554674  3.23100122  3.21650549  3.20202898  3.18757892  3.17321568
   3.15906328  3.14530797  3.13218152  3.11992971  3.10877188  3.09886245
   3.09026734  3.08296051  3.07683718  3.07173781  3.0674788   3.06388543
   3.06081529  3.05816065  3.05583719  3.05377518  3.05191889  3.05023043
   3.04869079  3.04729384  3.04603704  3.0449154   3.04392053  3.04304207
   3.04226927  3.04159171  3.04099953  3.04048342  3.04003463  3.039645
   3.03930706  3.03901405  3.03875994  3.03853944  3.03834797  3.03818156
   3.0380368   3.03791076  3.0378009   3.03770506  3.03762133  3.03754807
   3.03748387  3.03742748  3.03737784  3.03733402  3.03729524  3.03726081
   3.03723016  3.03720277  3.03717823  3.03715616  3.03713626  3.03711826
   3.03710192  3.03708705  3.03707348  3.03706106  3.03704967  3.03703919
   3.03702953  3.03702061  3.03701236  3.03700471  3.0369976   3.03699099
   3.03698483  3.03697908  3.03697372  3.0369687   3.03696399  3.03695959
   3.03695545  3.03695157  3.03694791  3.03694447  3.03694124]
 [ 3.78937375  3.58429019  3.56914974  3.55370502  3.53642482  3.51694318
   3.4949538   3.4702238   3.44270718  3.41272917  3.38113782  3.34924606
   3.31846743  3.28983378  3.26379327  3.24035795  3.21935035  3.20058442
   3.18392447  3.16924983  3.15640193  3.14515848  3.13524052  3.12634285
   3.11817826  3.11052772  3.10328315  3.09645863  3.0901509   3.08446448
   3.07944695  3.07506732  3.07123428  3.06783201  3.06475331  3.0619193
   3.05928358  3.05682558  3.05453993  3.05242764  3.05049047  3.04872688
   3.04712898  3.04568231  3.04436798  3.04316521  3.04205313  3.04101201
   3.04002405  3.039074    3.03814948  3.03724123  3.03634317  3.03545225
   3.03456824  3.03369326  3.03283121  3.03198709  3.0311664   3.03037463
   3.02961682  3.02889723  3.02821925  3.02758519  3.02699638  3.02645308
   3.0259546   3.02549934  3.02508497  3.02470856  3.0243668   3.02405612
   3.02377292  3.02351367  3.02327499  3.02305376  3.02284714  3.02265257
   3.0224678   3.02229083  3.0221199   3.02195349  3.02179021  3.02162884
   3.02146825  3.02130739  3.02114526  3.02098088  3.02081328  3.0206415
   3.02046452  3.02028132  3.02009082  3.01989188  3.01968333  3.01946392
   3.01923234  3.01898726  3.01872729  3.01845107  3.01815729]
 [ 3.64823172  3.55072961  3.52632066  3.50126997  3.47291855  3.4405914
   3.40483708  3.36722248  3.3297018   3.29390228  3.2607986   3.23080524
   3.20400942  3.18031549  3.15954569  3.14154271  3.12618393  3.11330779
   3.10265543  3.09389008  3.08665954  3.08064651  3.07558824  3.07127468
   3.06754     3.06425579  3.06132786  3.05869337  3.05631409  3.05416605
   3.05222978  3.05048517  3.04891064  3.04748438  3.04618566  3.04499554
   3.04389709  3.04287516  3.04191601  3.04100692  3.04013564  3.03929009
   3.03845817  3.03762772  3.03678694  3.0359249   3.03503235  3.03410271
   3.03313311  3.03212528  3.03108605  3.03002733  3.02896521  3.02791841
   3.0269061   3.02594539  3.02504862  3.0242213   3.02346174  3.02276251
   3.02211299  3.02150153  3.02091685  3.02034886  3.01978905  3.01923101
   3.01867087  3.01810761  3.01754329  3.01698281  3.01643329  3.01590296
   3.01539976  3.01493014  3.01449815  3.01410524  3.01375059  3.01343179
   3.01314552  3.01288814  3.01265614  3.01244631  3.01225588  3.01208246
   3.01192404  3.01177895  3.01164575  3.01152323  3.01141032  3.01130612
   3.01120982  3.0111207   3.01103811  3.01096147  3.01089022  3.01082387
   3.01076192  3.01070389  3.0106493   3.01059761  3.01054825]
 [ 3.73412053  3.57234792  3.55405043  3.53397137  3.51087896  3.48485271
   3.4564064   3.42624643  3.39493844  3.36264939  3.32928214  3.29514585
   3.26148788  3.22995982  3.2016348   3.17681207  3.15541806  3.1372802
   3.1221548   3.10969692  3.09948067  3.09107317  3.08410487  3.07827098
   3.07331532  3.06904127  3.06530937  3.06202124  3.05910539  3.05650787
   3.05418655  3.05210758  3.05024345  3.04857165  3.0470738   3.04573449
   3.0445401   3.04347774  3.04253458  3.04169778  3.04095472  3.04029332
   3.03970232  3.0391715   3.0386917   3.03825488  3.037854    3.03748303
   3.03713675  3.03681075  3.03650127  3.03620508  3.03591945  3.035642
   3.03537066  3.03510359  3.03483914  3.03457579  3.03431213  3.03404681
   3.03377849  3.03350586  3.03322757  3.03294221  3.03264829  3.0323442
   3.03202816  3.03169826  3.03135237  3.03098818  3.0306032   3.03019485
   3.02976058  3.02929811  3.0288057   3.02828252  3.02772897  3.02714686
   3.02653929  3.0259103   3.02526415  3.02460459  3.02393412  3.02325346
   3.02256142  3.02185497  3.02112978  3.02038094  3.01960394  3.01879568
   3.01795578  3.01708772  3.01619984  3.01530561  3.0144227   3.01357052
   3.01276663  3.01202321  3.01134499  3.01072939  3.01016846]
 [ 3.74876623  3.53461087  3.50221797  3.4674384   3.42947366  3.38955451
   3.34922274  3.30979151  3.27223252  3.23739579  3.20614133  3.17913083
   3.15649184  3.13779634  3.12237772  3.10962785  3.09908559  3.09039451
   3.08324702  3.07736036  3.07247841  3.06838128  3.06489102  3.06187046
   3.05921724  3.05685607  3.05473122  3.05280024  3.05102922  3.04938952
   3.0478568   3.04641206  3.04504365  3.04374713  3.04252191  3.04136685
   3.04027814  3.03924962  3.0382741   3.0373444   3.03645376  3.03559591
   3.03476497  3.03395545  3.03316219  3.03238052  3.03160637  3.03083634
   3.0300679   3.02929942  3.02853019  3.02776032  3.02699045  3.02622142
   3.02545402  3.02468883  3.02392616  3.02316619  3.02240911  3.02165528
   3.02090524  3.02015976  3.01941964  3.01868557  3.01795803  3.01723724
   3.01652316  3.0158156   3.0151142   3.01441857  3.01372837  3.0130435
   3.01236432  3.01169183  3.01102789  3.01037511  3.00973662  3.00911569
   3.00851524  3.00793753  3.00738404  3.00685547  3.00635194  3.00587313
   3.00541847  3.00498722  3.00457857  3.00419161  3.00382542  3.00347903
   3.00315146  3.00284171  3.0025488   3.00227176  3.00200964  3.00176153
   3.00152657  3.00130396  3.00109295  3.00089282  3.00070294]]
test [[ 0.          0.          0.          0.          0.          0.          0.
   0.          0.          0.          0.          0.          0.          0.
   0.          0.          0.          0.          0.          0.          0.
   0.          0.          0.          0.          0.          0.          0.
   0.          0.          0.          0.          0.          0.          0.
   0.          0.          0.          0.          0.          0.          0.
   0.          0.          0.          0.          0.          0.          0.
   0.          0.          0.          0.          0.          0.          0.
   0.          0.          0.          0.          0.          0.          0.
   0.          0.          0.          0.          0.          0.          0.
   0.          0.          0.          0.          0.          0.          0.
   0.          0.          0.          0.          0.          0.          0.
   0.          0.          0.          0.          0.          0.          0.
   0.          0.          0.          0.          0.          0.          0.
   0.          0.          0.        ]
 [ 0.          0.          0.          0.          0.          0.          0.
   0.          0.          0.          0.          0.          0.          0.
   0.          0.          0.          0.          0.          0.          0.
   0.          0.          0.          0.          0.          0.          0.
   0.          0.          0.          0.          0.          0.          0.
   0.          0.          0.          0.          0.          0.          0.
   0.          0.          0.          0.          0.          0.          0.
   0.          0.          0.          0.          0.          0.          0.
   0.          0.          0.          0.          0.          0.          0.
   0.          0.          0.          0.          0.          0.          0.
   0.          0.          0.          0.          0.          0.          0.
   0.          0.          0.          0.          0.          0.          0.
   0.          0.          0.          0.          0.          0.          0.
   0.          0.          0.          0.          0.          0.          0.
   0.          0.          0.        ]
 [ 4.1119552   3.67917211  3.67228262  3.66921067  3.66646635  3.66408745
   3.6619641   3.65993185  3.65788936  3.6557849   3.65358996  3.65128542
   3.64885547  3.64628505  3.64355912  3.64066295  3.637583    3.63430762
   3.63082743  3.62713565  3.62322839  3.61910439  3.61476447  3.61021145
   3.60545059  3.60049038  3.59534304  3.59002484  3.58455618  3.57896154
   3.57326942  3.56751229  3.56172673  3.55595343  3.55023734  3.54462731
   3.53917542  3.53393552  3.52896087  3.52430103  3.51999805  3.5160826
   3.51257045  3.50946024  3.50673275  3.50435209  3.50226854  3.5004224
   3.49874854  3.49718088  3.49565679  3.49412109  3.49252951  3.4908509
   3.48906756  3.48717359  3.48517214  3.48307306  3.48089174  3.47864885
   3.47636959  3.47408185  3.47181333  3.46958902  3.46742952  3.46535057
   3.46336328  3.46147475  3.4596888   3.45800666  3.45642771  3.45495003
   3.45357088  3.45228704  3.45109491  3.4499906   3.44896992  3.44802834
   3.44716107  3.44636309  3.44562924  3.44495434  3.44433329  3.44376114
   3.44323319  3.44274501  3.44229248  3.44187181  3.44147954  3.44111252
   3.4407679   3.44044313  3.44013592  3.43984424  3.43956627  3.43930039
   3.43904518  3.43879939  3.43856189  3.43833173  3.43810806]
 [ 3.87605261  3.64372167  3.63061893  3.61964465  3.60878452  3.59820358
   3.58800324  3.57804768  3.56810162  3.55797211  3.54755884  3.53683556
   3.5258112   3.51449838  3.50289745  3.49099589  3.47877708  3.46623174
   3.45337161  3.44024725  3.42693311  3.41348484  3.39996338  3.38648287
   3.37322026  3.36037458  3.34808848  3.33639724  3.32525264  3.31458984
   3.30437728  3.29462784  3.28538466  3.27670048  3.26861972  3.2611661
   3.25433563  3.24809528  3.24238735  3.23713895  3.2322742   3.22772539
   3.22343956  3.2193797   3.21552195  3.21185118  3.20835651  3.20502785
   3.20185483  3.19882927  3.19594984  3.19322629  3.19068152  3.18834912
   3.18626295  3.18444253  3.18288487  3.18156689  3.18045412  3.17950977
   3.17870045  3.17799905  3.17738617  3.17685113  3.1763897   3.17599713
   3.17566233  3.17536948  3.17510326  3.17485172  3.17460624  3.17436004
   3.17410677  3.17383939  3.17354931  3.17322557  3.17285402  3.17241642
   3.17188948  3.17124433  3.17044712  3.16946219  3.16826055  3.16683597
   3.16522505  3.16351462  3.1618205   3.16024942  3.15887159  3.15771532
   3.15677661  3.15603271  3.15545317  3.15500678  3.15466517  3.15440427
   3.15420458  3.15405084  3.15393133  3.15383724  3.15376202]
 [ 3.86211743  3.62158488  3.60427631  3.58581219  3.56481121  3.54136339
   3.51638557  3.49087651  3.46557506  3.44116607  3.41821298  3.3969509
   3.37727399  3.35888966  3.34147662  3.32475908  3.30851918  3.29259468
   3.2768703   3.26126247  3.24570715  3.23015948  3.21460591  3.1990833
   3.18369732  3.16863128  3.15413741  3.1405064   3.12801855  3.11688985
   3.10723217  3.09904044  3.09220634  3.08655004  3.08185991  3.07793166
   3.07459599  3.07172463  3.0692202   3.06700628  3.06502482  3.06323714
   3.06162228  3.06016972  3.05887088  3.0577148   3.05668853  3.05577895
   3.05497401  3.05426297  3.05363611  3.05308449  3.05259977  3.0521742
   3.05180067  3.05147281  3.05118499  3.05093237  3.05071078  3.0505167
   3.05034711  3.05019939  3.05007124  3.04996059  3.04986556  3.04978441
   3.04971553  3.04965746  3.04960884  3.04956846  3.0495352   3.04950809
   3.04948624  3.04946891  3.04945541  3.04944516  3.04943767  3.0494325
   3.04942928  3.04942768  3.04942745  3.04942835  3.04943018  3.04943277
   3.04943599  3.04943972  3.04944385  3.04944829  3.04945299  3.04945786
   3.04946287  3.04946798  3.04947313  3.04947831  3.04948348  3.04948863
   3.04949374  3.04949879  3.04950378  3.04950868  3.04951351]
 [ 3.82546359  3.6255792   3.61137444  3.59580274  3.57825704  3.55843528
   3.53601417  3.51074095  3.48255288  3.45175755  3.41918728  3.38615967
   3.35412057  3.32414068  3.29670524  3.27186637  3.24948004  3.22938432
   3.2114638   3.19561258  3.18167567  3.16942131  3.158551    3.14873563
   3.13966628  3.13111114  3.12296372  3.11525538  3.10811081  3.10166259
   3.09597612  3.09102381  3.08670622  3.08289409  3.07946668  3.07633378
   3.07344028  3.07075914  3.06828052  3.06600267  3.06392584  3.06204691
   3.06035525  3.05883237  3.05745486  3.05619769  3.0550365   3.05394889
   3.05291517  3.05191882  3.05094671  3.04998911  3.04903976  3.04809561
   3.04715661  3.0462252   3.04530569  3.04440351  3.04352452  3.0426744
   3.04185818  3.04107998  3.04034293  3.03964916  3.03899995  3.03839574
   3.03783629  3.03732062  3.0368471   3.03641355  3.0360173   3.03565533
   3.03532445  3.03502137  3.03474282  3.03448569  3.03424704  3.03402413
   3.03381451  3.03361592  3.03342636  3.03324402  3.03306726  3.03289461
   3.0327247   3.03255625  3.03238804  3.03221888  3.03204762  3.03187308
   3.03169409  3.03150945  3.03131791  3.0311182   3.03090898  3.03068887
   3.03045643  3.03021017  3.02994859  3.02967017  3.02937343]
 [ 3.67918051  3.59058493  3.56646984  3.54086129  3.51175917  3.47857636
   3.44183987  3.40307445  3.36420258  3.3268505   3.29203499  3.26024367
   3.23162774  3.2061311   3.18361152  3.16394996  3.14705548  3.13278775
   3.12090222  3.11106931  3.10293425  3.09616836  3.09049288  3.08568135
   3.08155316  3.07796687  3.07481578  3.07202346  3.06953649  3.067315
   3.0653251   3.06353542  3.06191705  3.06044433  3.05909513  3.05785065
   3.05669469  3.05561294  3.05459231  3.05362035  3.05268482  3.05177334
   3.05087336  3.0499723   3.04905789  3.04811887  3.04714582  3.0461323
   3.045076    3.0439799   3.04285295  3.04170997  3.04057026  3.03945527
   3.0383855   3.0373774   3.03644086  3.03557805  3.03478422  3.03405026
   3.03336542  3.03271913  3.03210155  3.03150351  3.0309167   3.03033405
   3.02975039  3.02916304  3.02857223  3.02798113  3.02739546  3.02682257
   3.02627027  3.0257456   3.02525394  3.02479855  3.02438067  3.02399978
   3.02365413  3.02334119  3.02305812  3.02280198  3.02257     3.02235959
   3.02216847  3.02199458  3.02183613  3.02169154  3.0215594   3.02143848
   3.02132768  3.02122604  3.02113266  3.02104679  3.0209677   3.02089478
   3.02082746  3.02076524  3.02070766  3.02065433  3.02060491]
 [ 3.77351915  3.61441215  3.59559255  3.57484062  3.55089556  3.5237816
   3.49400879  3.46229842  3.42921478  3.39489048  3.35918896  3.32245837
   3.28613299  3.25212753  3.22170586  3.19523022  3.17259796  3.15356479
   3.13780589  3.12490136  3.11436242  3.10570984  3.09854721  3.09255408
   3.08746087  3.08306085  3.07920918  3.07580554  3.07277831  3.0700744
   3.06765305  3.06548221  3.06353618  3.06179398  3.06023781  3.0588517
   3.05762022  3.05652785  3.05555894  3.05469812  3.05393079  3.05324357
   3.05262444  3.05206284  3.05154956  3.05107664  3.05063733  3.05022587
   3.04983748  3.04946814  3.04911454  3.04877389  3.04844385  3.0481224
   3.04780773  3.0474982   3.04719226  3.04688843  3.04658524  3.04628122
   3.04597488  3.04566467  3.04534899  3.04502613  3.04469429  3.0443515
   3.04399567  3.04362454  3.04323565  3.04282639  3.04239405  3.04193583
   3.04144903  3.04093122  3.04038051  3.03979585  3.03917732  3.03852628
   3.03784536  3.03713804  3.03640815  3.03565905  3.03489296  3.03411052
   3.03331061  3.03249059  3.03164682  3.03077546  3.02987339  3.02893931
   3.02797487  3.02698583  3.02598281  3.02498123  3.02400003  3.02305892
   3.02217479  3.02135851  3.02061338  3.01993572  3.01931706]
 [ 3.78545024  3.57846822  3.54450225  3.50846782  3.46928665  3.42813165
   3.38654698  3.345837    3.30694936  3.2707066   3.23794378  3.20931097
   3.18495718  3.16451149  3.14737985  3.13302058  3.12102155  3.11105419
   3.10281821  3.0960215   3.09038759  3.08567104  3.08166763  3.07821616
   3.07519388  3.0725091   3.07009364  3.06789608  3.06587653  3.06400288
   3.06224896  3.06059454  3.05902619  3.05753676  3.05612251  3.05477979
   3.05350365  3.05228825  3.05112777  3.0500169   3.04895082  3.04792496
   3.04693491  3.04597635  3.04504515  3.04413746  3.04324987  3.04237945
   3.04152379  3.040681    3.03984962  3.03902852  3.03821677  3.03741347
   3.03661763  3.03582814  3.03504385  3.03426366  3.03348664  3.03271217
   3.03193993  3.03116987  3.03040209  3.02963671  3.02887377  3.02811315
   3.02735462  3.02659789  3.02584263  3.02508866  3.02433602  3.02358523
   3.02283742  3.02209451  3.02135924  3.02063499  3.0199255   3.01923447
   3.01856512  3.01791996  3.01730066  3.01670805  3.01614233  3.0156032
   3.01509004  3.014602    3.01413812  3.01369735  3.01327861  3.01288081
   3.01250286  3.01214368  3.01180226  3.0114776   3.01116881  3.01087505
   3.01059556  3.0103297   3.01007687  3.00983657  3.00960836]]

